train size,mae,mse,mape,wape,r2,mpe,model,key
1,68.0,4640.0,0.7590301830776843,0.7555555555555555,-289.0,0.7590301830776843,AdaBoostRegressor,cead2cbd1f8f0b86-Others-temporary
2,4.0,32.0,0.0425531914893617,0.044444444444444446,-1.0,0.0425531914893617,AdaBoostRegressor,cead2cbd1f8f0b86-Others-temporary
3,26.0,1000.0,0.4865116279069768,0.38235294117647056,-2.0864197530864197,0.4865116279069768,AdaBoostRegressor,cead2cbd1f8f0b86-Others-temporary
4,23.5,708.5,0.43333333333333335,0.376,-3.5343999999999998,0.43333333333333335,AdaBoostRegressor,cead2cbd1f8f0b86-Others-temporary
5,12.5,312.5,0.16666666666666666,0.2,-1.0,0.16666666666666666,AdaBoostRegressor,cead2cbd1f8f0b86-Others-temporary
6,22.5,512.5,0.4318181818181818,0.42857142857142855,-81.0,0.4318181818181818,AdaBoostRegressor,cead2cbd1f8f0b86-Others-temporary
7,2.5,12.5,0.045454545454545456,0.047619047619047616,-1.0,0.045454545454545456,AdaBoostRegressor,cead2cbd1f8f0b86-Others-temporary
8,7.0,53.0,0.1203125,0.12280701754385964,-0.08163265306122458,0.1203125,AdaBoostRegressor,cead2cbd1f8f0b86-Others-temporary
9,9.5,110.5,0.16493055555555555,0.1743119266055046,-0.22437673130193914,0.16493055555555555,AdaBoostRegressor,cead2cbd1f8f0b86-Others-temporary
10,18.0,360.0,0.49696969696969695,0.46153846153846156,-9.0,0.49696969696969695,AdaBoostRegressor,cead2cbd1f8f0b86-Others-temporary
11,19.5,386.5,0.6504329004329004,0.639344262295082,-60.84,0.6504329004329004,AdaBoostRegressor,cead2cbd1f8f0b86-Others-temporary
12,6.0,37.0,0.17678571428571427,0.17647058823529413,-0.02777777777777768,0.17678571428571427,AdaBoostRegressor,cead2cbd1f8f0b86-Others-temporary
13,9.666666666666668,94.44444444444446,0.23531746031746037,0.23577235772357727,-93.44444444444446,0.23531746031746037,AdaBoostRegressor,cead2cbd1f8f0b86-Others-temporary
14,41.83333333333334,3156.2777777777783,0.3906186406186407,0.5262054507337527,-1.2444641975308643,0.3906186406186407,AdaBoostRegressor,cead2cbd1f8f0b86-Others-temporary
15,44.5,3119.3125,0.5263659951159951,0.6137931034482759,-0.575211463199091,0.5263659951159951,AdaBoostRegressor,cead2cbd1f8f0b86-Others-temporary
16,91.0,8285.0,3.5267857142857144,3.5,-2070.25,3.5267857142857144,AdaBoostRegressor,cead2cbd1f8f0b86-Others-temporary
17,7.5,68.5,0.22435897435897434,0.23809523809523808,-0.21777777777777785,0.22435897435897434,AdaBoostRegressor,cead2cbd1f8f0b86-Others-temporary
18,21.0,541.0,0.4037375054324207,0.42857142857142855,-4.41,0.4037375054324207,AdaBoostRegressor,cead2cbd1f8f0b86-Others-temporary
19,22.0,514.25,0.4049258474576271,0.411214953271028,-16.0,0.4049258474576271,AdaBoostRegressor,cead2cbd1f8f0b86-Others-temporary
1,68.0,4640.0,0.7590301830776843,0.7555555555555555,-289.0,0.7590301830776843,BaggingRegressor,cead2cbd1f8f0b86-Others-temporary
2,10.400000000000006,124.16000000000011,0.11776348342404755,0.11555555555555562,-6.760000000000007,0.11776348342404755,BaggingRegressor,cead2cbd1f8f0b86-Others-temporary
3,23.599999999999994,880.9599999999997,0.4485581395348836,0.3470588235294117,-1.7190123456790114,0.4485581395348836,BaggingRegressor,cead2cbd1f8f0b86-Others-temporary
4,25.900000000000006,827.0600000000003,0.47333333333333344,0.4144000000000001,-4.293184000000002,0.47333333333333344,BaggingRegressor,cead2cbd1f8f0b86-Others-temporary
5,12.5,159.86,0.21466666666666667,0.2,-0.023104000000000013,0.21466666666666667,BaggingRegressor,cead2cbd1f8f0b86-Others-temporary
6,18.0,330.25,0.3459090909090909,0.34285714285714286,-51.84,0.3459090909090909,BaggingRegressor,cead2cbd1f8f0b86-Others-temporary
7,2.5,6.25,0.04772727272727273,0.047619047619047616,0.0,0.04772727272727273,BaggingRegressor,cead2cbd1f8f0b86-Others-temporary
8,7.0,49.25,0.12359375,0.12280701754385964,-0.005102040816326481,0.12359375,BaggingRegressor,cead2cbd1f8f0b86-Others-temporary
9,9.5,91.25,0.17647569444444444,0.1743119266055046,-0.011080332409972193,0.17647569444444444,BaggingRegressor,cead2cbd1f8f0b86-Others-temporary
10,22.200000000000003,528.8400000000001,0.6072727272727273,0.5692307692307693,-13.690000000000005,0.6072727272727273,BaggingRegressor,cead2cbd1f8f0b86-Others-temporary
11,17.9,326.65999999999997,0.5976190476190476,0.5868852459016393,-51.26559999999999,0.5976190476190476,BaggingRegressor,cead2cbd1f8f0b86-Others-temporary
12,6.0,41.75999999999999,0.19499999999999998,0.17647058823529413,-0.1599999999999997,0.19499999999999998,BaggingRegressor,cead2cbd1f8f0b86-Others-temporary
13,8.600000000000001,74.96000000000002,0.2092857142857143,0.20975609756097566,-73.96000000000002,0.2092857142857143,BaggingRegressor,cead2cbd1f8f0b86-Others-temporary
14,42.099999999999994,3178.6599999999994,0.3949328449328449,0.5295597484276728,-1.260380444444444,0.3949328449328449,BaggingRegressor,cead2cbd1f8f0b86-Others-temporary
15,44.5,3115.9400000000005,0.5270451770451771,0.6137931034482759,-0.573508395404621,0.5270451770451771,BaggingRegressor,cead2cbd1f8f0b86-Others-temporary
16,76.0,5780.0,2.946428571428571,2.923076923076923,-1444.0,2.946428571428571,BaggingRegressor,cead2cbd1f8f0b86-Others-temporary
17,33.5,1178.5,1.1875,1.0634920634920635,-19.95111111111111,1.1875,BaggingRegressor,cead2cbd1f8f0b86-Others-temporary
18,14.5,310.25,0.2653194263363755,0.29591836734693877,-2.1025,0.2653194263363755,BaggingRegressor,cead2cbd1f8f0b86-Others-temporary
19,16.0,286.25,0.29157838983050843,0.29906542056074764,-8.462809917355372,0.29157838983050843,BaggingRegressor,cead2cbd1f8f0b86-Others-temporary
1,68.0,4640.0,0.7590301830776843,0.7555555555555555,-289.0,0.7590301830776843,BayesianRidge,cead2cbd1f8f0b86-Others-temporary
2,111.99999988888885,13567.999973333324,1.2627412159684421,1.244444443209876,-846.9999983333328,1.2627412159684421,BayesianRidge,cead2cbd1f8f0b86-Others-temporary
3,14.499785948131091,248.27209831584042,0.20348480788050838,0.21323214629604545,0.23372809161777652,0.20348480788050838,BayesianRidge,cead2cbd1f8f0b86-Others-temporary
4,20.520483308019294,442.46143820040857,0.32659838897326854,0.3283277329283087,-1.8317532044826148,0.32659838897326854,BayesianRidge,cead2cbd1f8f0b86-Others-temporary
5,37.25924450731395,1394.8200912078119,0.6124441915539535,0.5961479121170232,-7.926848583729996,0.6124441915539535,BayesianRidge,cead2cbd1f8f0b86-Others-temporary
6,14.28685812093741,288.0356207996455,0.2644210575223349,0.2721306308749983,-45.08569932794328,0.2644210575223349,BayesianRidge,cead2cbd1f8f0b86-Others-temporary
7,24.746409443249746,627.784159123467,0.4759989113928162,0.47136017987142376,-99.44546545975473,0.4759989113928162,BayesianRidge,cead2cbd1f8f0b86-Others-temporary
8,30.254044874530422,1071.5673436200366,0.5115555395112696,0.5307727170970249,-20.868721298368094,0.5115555395112696,BayesianRidge,cead2cbd1f8f0b86-Others-temporary
9,29.969804161659425,919.5234605210796,0.5519009420947507,0.5499046635166867,-9.188625601341602,0.5519009420947507,BayesianRidge,cead2cbd1f8f0b86-Others-temporary
10,8.24594501682725,72.67347706824336,0.20782143310752618,0.21143448761095512,-1.0187076963400932,0.20782143310752618,BayesianRidge,cead2cbd1f8f0b86-Others-temporary
11,3.3770688458268125,12.612252927578506,0.11444582057589292,0.1107235687156332,-1.0179604684125612,0.11444582057589292,BayesianRidge,cead2cbd1f8f0b86-Others-temporary
12,13.43911736690275,272.1388917290655,0.35672099250282474,0.39526815785008085,-6.559413659140708,0.35672099250282474,BayesianRidge,cead2cbd1f8f0b86-Others-temporary
13,26.42763096286845,718.7648299396183,0.6422751842051769,0.644576364948011,-717.7648299396183,0.6422751842051769,BayesianRidge,cead2cbd1f8f0b86-Others-temporary
14,65.17014128900568,5902.395463703244,0.7438641526195975,0.8197502048931533,-3.197258996411196,0.7438641526195975,BayesianRidge,cead2cbd1f8f0b86-Others-temporary
15,57.46123714178853,5035.3180855081,0.7060912368634147,0.7925687881626005,-1.5427688854983463,0.7060912368634147,BayesianRidge,cead2cbd1f8f0b86-Others-temporary
16,13.71513901376239,188.33611274060024,0.5320759206736377,0.5275053466831688,-46.08402818515006,0.5320759206736377,BayesianRidge,cead2cbd1f8f0b86-Others-temporary
17,9.176212114592317,86.20983882540779,0.3201663989293787,0.2913083210981688,-0.5326193568961384,0.3201663989293787,BayesianRidge,cead2cbd1f8f0b86-Others-temporary
18,22.23940372949032,633.5237444201068,0.4223646592265452,0.45386538223449635,-5.335237444201068,0.4223646592265452,BayesianRidge,cead2cbd1f8f0b86-Others-temporary
19,27.981195732914244,797.371267315475,0.5212237246247181,0.5230130043535373,-25.359380737701656,0.5212237246247181,BayesianRidge,cead2cbd1f8f0b86-Others-temporary
1,68.0,4640.0,0.7590301830776843,0.7555555555555555,-289.0,0.7590301830776843,DecisionTreeRegressor,cead2cbd1f8f0b86-Others-temporary
2,4.0,32.0,0.0425531914893617,0.044444444444444446,-1.0,0.0425531914893617,DecisionTreeRegressor,cead2cbd1f8f0b86-Others-temporary
3,26.0,1000.0,0.4865116279069768,0.38235294117647056,-2.0864197530864197,0.4865116279069768,DecisionTreeRegressor,cead2cbd1f8f0b86-Others-temporary
4,23.5,708.5,0.43333333333333335,0.376,-3.5343999999999998,0.43333333333333335,DecisionTreeRegressor,cead2cbd1f8f0b86-Others-temporary
5,12.5,312.5,0.16666666666666666,0.2,-1.0,0.16666666666666666,DecisionTreeRegressor,cead2cbd1f8f0b86-Others-temporary
6,22.5,512.5,0.4318181818181818,0.42857142857142855,-81.0,0.4318181818181818,DecisionTreeRegressor,cead2cbd1f8f0b86-Others-temporary
7,2.5,12.5,0.045454545454545456,0.047619047619047616,-1.0,0.045454545454545456,DecisionTreeRegressor,cead2cbd1f8f0b86-Others-temporary
8,7.0,53.0,0.1203125,0.12280701754385964,-0.08163265306122458,0.1203125,DecisionTreeRegressor,cead2cbd1f8f0b86-Others-temporary
9,9.5,110.5,0.16493055555555555,0.1743119266055046,-0.22437673130193914,0.16493055555555555,DecisionTreeRegressor,cead2cbd1f8f0b86-Others-temporary
10,25.0,661.0,0.6808080808080809,0.6410256410256411,-17.36111111111111,0.6808080808080809,DecisionTreeRegressor,cead2cbd1f8f0b86-Others-temporary
11,14.5,216.5,0.48538961038961037,0.47540983606557374,-33.64,0.48538961038961037,DecisionTreeRegressor,cead2cbd1f8f0b86-Others-temporary
12,6.0,37.0,0.17678571428571427,0.17647058823529413,-0.02777777777777768,0.17678571428571427,DecisionTreeRegressor,cead2cbd1f8f0b86-Others-temporary
13,13.0,170.0,0.31666666666666665,0.3170731707317073,-169.0,0.31666666666666665,DecisionTreeRegressor,cead2cbd1f8f0b86-Others-temporary
14,39.5,2966.5,0.35286935286935284,0.4968553459119497,-1.109511111111111,0.35286935286935284,DecisionTreeRegressor,cead2cbd1f8f0b86-Others-temporary
15,44.5,2910.5,0.5705128205128205,0.6137931034482759,-0.4697639186971343,0.5705128205128205,DecisionTreeRegressor,cead2cbd1f8f0b86-Others-temporary
16,91.0,8285.0,3.5267857142857144,3.5,-2070.25,3.5267857142857144,DecisionTreeRegressor,cead2cbd1f8f0b86-Others-temporary
17,7.5,68.5,0.22435897435897434,0.23809523809523808,-0.21777777777777785,0.22435897435897434,DecisionTreeRegressor,cead2cbd1f8f0b86-Others-temporary
18,25.0,725.0,0.4889178617992177,0.5102040816326531,-6.25,0.4889178617992177,DecisionTreeRegressor,cead2cbd1f8f0b86-Others-temporary
19,14.5,240.5,0.2632415254237288,0.27102803738317754,-6.950413223140496,0.2632415254237288,DecisionTreeRegressor,cead2cbd1f8f0b86-Others-temporary
1,68.0,4640.0,0.7590301830776843,0.7555555555555555,-289.0,0.7590301830776843,DummyRegressor,cead2cbd1f8f0b86-Others-temporary
2,32.0,1040.0,0.35823849579416134,0.35555555555555557,-64.0,0.35823849579416134,DummyRegressor,cead2cbd1f8f0b86-Others-temporary
3,44.66666666666667,2319.1111111111113,0.7817054263565892,0.6568627450980393,-6.157750342935529,0.7817054263565892,DummyRegressor,cead2cbd1f8f0b86-Others-temporary
4,43.5,2048.5,0.7666666666666667,0.696,-12.1104,0.7666666666666667,DummyRegressor,cead2cbd1f8f0b86-Others-temporary
5,32.3,1199.5399999999997,0.58,0.5167999999999999,-6.6770559999999985,0.58,DummyRegressor,cead2cbd1f8f0b86-Others-temporary
6,39.0,1527.25,0.7468181818181818,0.7428571428571429,-243.36,0.7468181818181818,DummyRegressor,cead2cbd1f8f0b86-Others-temporary
7,33.07142857142857,1099.969387755102,0.6336363636363636,0.6299319727891156,-174.9951020408163,0.6336363636363636,DummyRegressor,cead2cbd1f8f0b86-Others-temporary
8,24.75,661.5625,0.456171875,0.4342105263157895,-12.501275510204081,0.456171875,DummyRegressor,cead2cbd1f8f0b86-Others-temporary
9,23.72222222222223,652.9938271604941,0.480246913580247,0.4352701325178391,-6.235388666598273,0.480246913580247,DummyRegressor,cead2cbd1f8f0b86-Others-temporary
10,37.8,1464.8399999999997,1.0169696969696969,0.9692307692307691,-39.68999999999999,1.0169696969696969,DummyRegressor,cead2cbd1f8f0b86-Others-temporary
11,43.40909090909091,1890.5991735537186,1.4396399055489963,1.4232488822652756,-301.49586776859496,1.4396399055489963,DummyRegressor,cead2cbd1f8f0b86-Others-temporary
12,36.5,1368.25,1.1401785714285713,1.0735294117647058,-37.00694444444444,1.1401785714285713,DummyRegressor,cead2cbd1f8f0b86-Others-temporary
13,26.230769230769226,689.0532544378696,0.6407509157509157,0.6397748592870544,-688.0532544378696,0.6407509157509157,DummyRegressor,cead2cbd1f8f0b86-Others-temporary
14,37.5,1608.2959183673468,0.4982121053549625,0.4716981132075472,-0.1436770975056687,0.4982121053549625,DummyRegressor,cead2cbd1f8f0b86-Others-temporary
15,44.5,2057.104444444444,0.8657305657305658,0.6137931034482759,-0.038810475669458055,0.8657305657305658,DummyRegressor,cead2cbd1f8f0b86-Others-temporary
16,41.0625,1690.12890625,1.5946800595238095,1.5793269230769231,-421.5322265625,1.5946800595238095,DummyRegressor,cead2cbd1f8f0b86-Others-temporary
17,33.26470588235294,1162.7906574394465,1.179581447963801,1.0560224089635855,-19.671833910034604,1.179581447963801,DummyRegressor,cead2cbd1f8f0b86-Others-temporary
18,13.5,282.25,0.3309430682312038,0.2755102040816326,-1.8224999999999998,0.3309430682312038,DummyRegressor,cead2cbd1f8f0b86-Others-temporary
19,7.7631578947368425,90.51662049861497,0.15733719892952722,0.14510575504181014,-1.9922849751608256,0.15733719892952722,DummyRegressor,cead2cbd1f8f0b86-Others-temporary
1,68.0,4640.0,0.7590301830776843,0.7555555555555555,-289.0,0.7590301830776843,ElasticNet,cead2cbd1f8f0b86-Others-temporary
2,14.666666666666686,273.8888888888897,0.1670790037935018,0.16296296296296317,-16.118055555555607,0.1670790037935018,ElasticNet,cead2cbd1f8f0b86-Others-temporary
3,9.071428571428555,82.29138321995435,0.14355481727574698,0.13340336134453756,0.7460142493211286,0.14355481727574698,ElasticNet,cead2cbd1f8f0b86-Others-temporary
4,19.785714285714278,391.52040816326496,0.3290476190476189,0.31657142857142845,-1.505730612244896,0.3290476190476189,ElasticNet,cead2cbd1f8f0b86-Others-temporary
5,27.47999999999999,770.8319999999994,0.4447999999999998,0.43967999999999985,-3.9333247999999967,0.4447999999999998,ElasticNet,cead2cbd1f8f0b86-Others-temporary
6,12.21951219512195,228.56989886972045,0.22518847006651882,0.2327526132404181,-35.57118381915527,0.22518847006651882,ElasticNet,cead2cbd1f8f0b86-Others-temporary
7,22.14285714285714,503.51877047115124,0.426031746031746,0.4217687074829931,-79.5630032753842,0.426031746031746,ElasticNet,cead2cbd1f8f0b86-Others-temporary
8,28.836956521739154,984.3074196597365,0.48662364130434826,0.5059115179252484,-19.087906523668092,0.48662364130434826,ElasticNet,cead2cbd1f8f0b86-Others-temporary
9,29.10335917312659,869.0736601032243,0.5352448499856441,0.534006590332598,-8.629625042695006,0.5352448499856441,ElasticNet,cead2cbd1f8f0b86-Others-temporary
10,9.034285714285716,86.0163265306122,0.22879076479076488,0.23164835164835168,-1.3893424036281168,0.22879076479076488,ElasticNet,cead2cbd1f8f0b86-Others-temporary
11,3.9480519480519405,16.893236633496336,0.13341204250295136,0.1294443261656374,-1.7029178613594138,0.13341204250295136,ElasticNet,cead2cbd1f8f0b86-Others-temporary
12,13.580536912751654,276.1533827305067,0.3609599712368163,0.3994275562574016,-6.67092729806963,0.3609599712368163,ElasticNet,cead2cbd1f8f0b86-Others-temporary
13,26.309018567639257,712.4383377072942,0.6393851837817355,0.6416833796985184,-711.4383377072942,0.6393851837817355,ElasticNet,cead2cbd1f8f0b86-Others-temporary
14,65.28464818763327,5917.915823714205,0.7456620612270932,0.82119054324067,-3.208295696863434,0.7456620612270932,ElasticNet,cead2cbd1f8f0b86-Others-temporary
15,57.83014492753624,5076.043421130016,0.7145501760719153,0.7976571714142929,-1.5633346401363548,0.7145501760719153,ElasticNet,cead2cbd1f8f0b86-Others-temporary
16,8.489224137931032,72.10316855760334,0.32901871237000535,0.3265086206896551,-17.025792139400835,0.32901871237000535,ElasticNet,cead2cbd1f8f0b86-Others-temporary
17,9.386554621848731,94.76294047030558,0.295221934927817,0.29798586101107083,-0.6846744972498771,0.295221934927817,ElasticNet,cead2cbd1f8f0b86-Others-temporary
18,25.355116514690977,785.5113501866716,0.48803700606801925,0.517451357442673,-6.855113501866716,0.48803700606801925,ElasticNet,cead2cbd1f8f0b86-Others-temporary
19,30.8032786885246,962.263232339325,0.5747973669586584,0.5757622184770953,-30.810354788076857,0.5747973669586584,ElasticNet,cead2cbd1f8f0b86-Others-temporary
1,68.0,4640.0,0.7590301830776843,0.7555555555555555,-289.0,0.7590301830776843,ExtraTreeRegressor,cead2cbd1f8f0b86-Others-temporary
2,4.0,32.0,0.0425531914893617,0.044444444444444446,-1.0,0.0425531914893617,ExtraTreeRegressor,cead2cbd1f8f0b86-Others-temporary
3,26.0,1000.0,0.4865116279069768,0.38235294117647056,-2.0864197530864197,0.4865116279069768,ExtraTreeRegressor,cead2cbd1f8f0b86-Others-temporary
4,23.5,708.5,0.43333333333333335,0.376,-3.5343999999999998,0.43333333333333335,ExtraTreeRegressor,cead2cbd1f8f0b86-Others-temporary
5,12.5,312.5,0.16666666666666666,0.2,-1.0,0.16666666666666666,ExtraTreeRegressor,cead2cbd1f8f0b86-Others-temporary
6,22.5,512.5,0.4318181818181818,0.42857142857142855,-81.0,0.4318181818181818,ExtraTreeRegressor,cead2cbd1f8f0b86-Others-temporary
7,2.5,12.5,0.045454545454545456,0.047619047619047616,-1.0,0.045454545454545456,ExtraTreeRegressor,cead2cbd1f8f0b86-Others-temporary
8,7.0,53.0,0.1203125,0.12280701754385964,-0.08163265306122458,0.1203125,ExtraTreeRegressor,cead2cbd1f8f0b86-Others-temporary
9,9.5,110.5,0.16493055555555555,0.1743119266055046,-0.22437673130193914,0.16493055555555555,ExtraTreeRegressor,cead2cbd1f8f0b86-Others-temporary
10,25.0,661.0,0.6808080808080809,0.6410256410256411,-17.36111111111111,0.6808080808080809,ExtraTreeRegressor,cead2cbd1f8f0b86-Others-temporary
11,14.5,216.5,0.48538961038961037,0.47540983606557374,-33.64,0.48538961038961037,ExtraTreeRegressor,cead2cbd1f8f0b86-Others-temporary
12,6.0,37.0,0.17678571428571427,0.17647058823529413,-0.02777777777777768,0.17678571428571427,ExtraTreeRegressor,cead2cbd1f8f0b86-Others-temporary
13,13.0,170.0,0.31666666666666665,0.3170731707317073,-169.0,0.31666666666666665,ExtraTreeRegressor,cead2cbd1f8f0b86-Others-temporary
14,39.5,2966.5,0.35286935286935284,0.4968553459119497,-1.109511111111111,0.35286935286935284,ExtraTreeRegressor,cead2cbd1f8f0b86-Others-temporary
15,44.5,2910.5,0.5705128205128205,0.6137931034482759,-0.4697639186971343,0.5705128205128205,ExtraTreeRegressor,cead2cbd1f8f0b86-Others-temporary
16,91.0,8285.0,3.5267857142857144,3.5,-2070.25,3.5267857142857144,ExtraTreeRegressor,cead2cbd1f8f0b86-Others-temporary
17,7.5,68.5,0.22435897435897434,0.23809523809523808,-0.21777777777777785,0.22435897435897434,ExtraTreeRegressor,cead2cbd1f8f0b86-Others-temporary
18,25.0,725.0,0.4889178617992177,0.5102040816326531,-6.25,0.4889178617992177,ExtraTreeRegressor,cead2cbd1f8f0b86-Others-temporary
19,14.5,240.5,0.2632415254237288,0.27102803738317754,-6.950413223140496,0.2632415254237288,ExtraTreeRegressor,cead2cbd1f8f0b86-Others-temporary
1,68.0,4640.0,0.7590301830776843,0.7555555555555555,-289.0,0.7590301830776843,ExtraTreesRegressor,cead2cbd1f8f0b86-Others-temporary
2,4.0,32.0,0.0425531914893617,0.044444444444444446,-1.0,0.0425531914893617,ExtraTreesRegressor,cead2cbd1f8f0b86-Others-temporary
3,26.0,1000.0,0.4865116279069768,0.38235294117647056,-2.0864197530864197,0.4865116279069768,ExtraTreesRegressor,cead2cbd1f8f0b86-Others-temporary
4,23.5,708.5,0.43333333333333335,0.376,-3.5343999999999998,0.43333333333333335,ExtraTreesRegressor,cead2cbd1f8f0b86-Others-temporary
5,12.5,312.5,0.16666666666666666,0.2,-1.0,0.16666666666666666,ExtraTreesRegressor,cead2cbd1f8f0b86-Others-temporary
6,22.5,512.5,0.4318181818181818,0.42857142857142855,-81.0,0.4318181818181818,ExtraTreesRegressor,cead2cbd1f8f0b86-Others-temporary
7,2.5,12.5,0.045454545454545456,0.047619047619047616,-1.0,0.045454545454545456,ExtraTreesRegressor,cead2cbd1f8f0b86-Others-temporary
8,7.0,53.0,0.1203125,0.12280701754385964,-0.08163265306122458,0.1203125,ExtraTreesRegressor,cead2cbd1f8f0b86-Others-temporary
9,9.5,110.5,0.16493055555555555,0.1743119266055046,-0.22437673130193914,0.16493055555555555,ExtraTreesRegressor,cead2cbd1f8f0b86-Others-temporary
10,25.0,661.0,0.6808080808080809,0.6410256410256411,-17.36111111111111,0.6808080808080809,ExtraTreesRegressor,cead2cbd1f8f0b86-Others-temporary
11,14.5,216.5,0.48538961038961037,0.47540983606557374,-33.64,0.48538961038961037,ExtraTreesRegressor,cead2cbd1f8f0b86-Others-temporary
12,6.0,37.0,0.17678571428571427,0.17647058823529413,-0.02777777777777768,0.17678571428571427,ExtraTreesRegressor,cead2cbd1f8f0b86-Others-temporary
13,12.559999999999999,158.75359999999995,0.30592857142857144,0.30634146341463414,-157.75359999999995,0.30592857142857144,ExtraTreesRegressor,cead2cbd1f8f0b86-Others-temporary
14,39.5,2966.5,0.35286935286935284,0.4968553459119497,-1.109511111111111,0.35286935286935284,ExtraTreesRegressor,cead2cbd1f8f0b86-Others-temporary
15,44.5,2910.5,0.5705128205128205,0.6137931034482759,-0.4697639186971343,0.5705128205128205,ExtraTreesRegressor,cead2cbd1f8f0b86-Others-temporary
16,91.0,8285.0,3.5267857142857144,3.5,-2070.25,3.5267857142857144,ExtraTreesRegressor,cead2cbd1f8f0b86-Others-temporary
17,7.5,68.5,0.22435897435897434,0.23809523809523808,-0.21777777777777785,0.22435897435897434,ExtraTreesRegressor,cead2cbd1f8f0b86-Others-temporary
18,25.0,725.0,0.4889178617992177,0.5102040816326531,-6.25,0.4889178617992177,ExtraTreesRegressor,cead2cbd1f8f0b86-Others-temporary
19,14.5,240.5,0.2632415254237288,0.27102803738317754,-6.950413223140496,0.2632415254237288,ExtraTreesRegressor,cead2cbd1f8f0b86-Others-temporary
1,41.22443473788319,2684.9487585667453,0.44342265763953564,0.45804927486536884,-166.80929741042158,0.44342265763953564,GaussianProcessRegressor,cead2cbd1f8f0b86-Others-temporary
2,83.50953518413813,6981.324956392393,0.93107370392759,0.9278837242682014,-435.33280977452455,0.93107370392759,GaussianProcessRegressor,cead2cbd1f8f0b86-Others-temporary
3,22.02983770364947,574.2453586301102,0.3878547365502971,0.3239682015242569,-0.7723622179941674,0.3878547365502971,GaussianProcessRegressor,cead2cbd1f8f0b86-Others-temporary
4,44.97702496418087,2667.3222621277623,0.6650009897372281,0.7196323994268939,-16.07086247761768,0.6650009897372281,GaussianProcessRegressor,cead2cbd1f8f0b86-Others-temporary
5,48.28586629526804,2343.109377466175,0.7934191046167149,0.7725738607242887,-13.99590001578352,0.7934191046167149,GaussianProcessRegressor,cead2cbd1f8f0b86-Others-temporary
6,23.206486250664415,885.0499165965383,0.42611041945462524,0.44202830953646505,-140.60798665544613,0.42611041945462524,GaussianProcessRegressor,cead2cbd1f8f0b86-Others-temporary
7,48.12211990443231,2319.3448171262626,0.9204214259574077,0.9166118077034726,-370.09517074020204,0.9204214259574077,GaussianProcessRegressor,cead2cbd1f8f0b86-Others-temporary
8,29.154176879125778,1400.8053431234648,0.4679682245878419,0.5114767873530838,-27.587864145376834,0.4679682245878419,GaussianProcessRegressor,cead2cbd1f8f0b86-Others-temporary
9,44.88896891980843,2020.225906195677,0.8419347905720127,0.8236508058680445,-21.38477458388562,0.8419347905720127,GaussianProcessRegressor,cead2cbd1f8f0b86-Others-temporary
10,11.910416899937719,227.57914004061718,0.3502071893183425,0.3053953051266082,-5.321642778906033,0.3502071893183425,GaussianProcessRegressor,cead2cbd1f8f0b86-Others-temporary
11,25.67852893395533,663.2484323215281,0.852930585412894,0.8419189814411584,-105.1197491714445,0.852930585412894,GaussianProcessRegressor,cead2cbd1f8f0b86-Others-temporary
12,19.522188952382162,595.207896954197,0.5142527849428519,0.5741820280112401,-15.53355269317214,0.5142527849428519,GaussianProcessRegressor,cead2cbd1f8f0b86-Others-temporary
13,34.87252861100798,1245.369761827526,0.8478350570436952,0.8505494783172678,-1244.369761827526,0.8478350570436952,GaussianProcessRegressor,cead2cbd1f8f0b86-Others-temporary
14,60.799572505792355,6076.594053270602,0.6113384323475122,0.7647744969282058,-3.321133548992428,0.6113384323475122,GaussianProcessRegressor,cead2cbd1f8f0b86-Others-temporary
15,61.22429678500043,5105.061339440408,0.8546114013613473,0.8444730591034543,-1.5779883042244203,0.8546114013613473,GaussianProcessRegressor,cead2cbd1f8f0b86-Others-temporary
16,35.1258903848676,2428.9039978876917,1.256150911590096,1.3509957840333693,-606.2259994719229,1.256150911590096,GaussianProcessRegressor,cead2cbd1f8f0b86-Others-temporary
17,60.23495208792816,3665.2561780726055,2.0758823242721633,1.9122207012040684,-64.16010983240187,2.0758823242721633,GaussianProcessRegressor,cead2cbd1f8f0b86-Others-temporary
18,26.743588376645057,1013.1856776670287,0.49448886035273526,0.5457875178907154,-9.131856776670286,0.49448886035273526,GaussianProcessRegressor,cead2cbd1f8f0b86-Others-temporary
19,51.03885640412806,2609.226892892224,0.9601780513132252,0.9539973159650105,-85.255434475776,0.9601780513132252,GaussianProcessRegressor,cead2cbd1f8f0b86-Others-temporary
1,68.0,4640.0,0.7590301830776843,0.7555555555555555,-289.0,0.7590301830776843,GradientBoostingRegressor,cead2cbd1f8f0b86-Others-temporary
2,4.0,31.99235123145869,0.042553664626600665,0.044444444444444446,-0.9995219519661682,0.042553664626600665,GradientBoostingRegressor,cead2cbd1f8f0b86-Others-temporary
3,26.00049581277925,1000.0257825103513,0.48651946866720674,0.3823602325408713,-2.086499328735652,0.48651946866720674,GradientBoostingRegressor,cead2cbd1f8f0b86-Others-temporary
4,23.50053122797776,708.5249679971579,0.4333421871329627,0.37600849964764416,-3.534559795181811,0.4333421871329627,GradientBoostingRegressor,cead2cbd1f8f0b86-Others-temporary
5,12.5,312.4702526492284,0.16667063316890054,0.2,-0.9998096169550619,0.16667063316890054,GradientBoostingRegressor,cead2cbd1f8f0b86-Others-temporary
6,22.500312313003164,512.5140541826818,0.43182414415733317,0.4285773773905365,-81.00224866922909,0.43182414415733317,GradientBoostingRegressor,cead2cbd1f8f0b86-Others-temporary
7,2.5,12.489826010860291,0.045456396024166415,0.047619047619047616,-0.9983721617376466,0.045456396024166415,GradientBoostingRegressor,cead2cbd1f8f0b86-Others-temporary
8,7.0,53.076541373082634,0.12027083978782724,0.12280701754385964,-0.08319472189964561,0.12027083978782724,GradientBoostingRegressor,cead2cbd1f8f0b86-Others-temporary
9,9.5,110.36872669800785,0.1649787470703486,0.1743119266055046,-0.22292217947931126,0.1649787470703486,GradientBoostingRegressor,cead2cbd1f8f0b86-Others-temporary
10,24.902445462614814,656.1317900185052,0.6782460424525103,0.638524242631149,-17.225883056069588,0.6782460424525103,GradientBoostingRegressor,cead2cbd1f8f0b86-Others-temporary
11,14.508918546241446,216.758717381469,0.4856839996324287,0.47570224741775236,-33.68139478103504,0.4856839996324287,GradientBoostingRegressor,cead2cbd1f8f0b86-Others-temporary
12,6.0,36.94240615605493,0.17694227111435595,0.17647058823529413,-0.026177948779303684,0.17694227111435595,GradientBoostingRegressor,cead2cbd1f8f0b86-Others-temporary
13,12.916991319858813,167.84866475730792,0.31464085959179244,0.31504856877704424,-166.84866475730792,0.31464085959179244,GradientBoostingRegressor,cead2cbd1f8f0b86-Others-temporary
14,39.62409443345882,2976.3188596716623,0.35487698564509085,0.49841628218187195,-1.1164934113220708,0.35487698564509085,GradientBoostingRegressor,cead2cbd1f8f0b86-Others-temporary
15,44.5,2916.796298626335,0.5691131088219684,0.6137931034482759,-0.47294346604031556,0.5691131088219684,GradientBoostingRegressor,cead2cbd1f8f0b86-Others-temporary
16,90.86914973461303,8261.202373491524,3.521723055208242,3.4949672974851165,-2064.300593372881,3.521723055208242,GradientBoostingRegressor,cead2cbd1f8f0b86-Others-temporary
17,7.5,68.56338405616061,0.22428651296129562,0.23809523809523808,-0.2189046054428554,0.22428651296129562,GradientBoostingRegressor,cead2cbd1f8f0b86-Others-temporary
18,24.957501162440344,722.8768642732111,0.4880128452670912,0.5093367584171499,-6.228768642732112,0.4880128452670912,GradientBoostingRegressor,cead2cbd1f8f0b86-Others-temporary
19,14.748325966448213,247.76311881261063,0.26793271158367915,0.27566964423267687,-7.190516324383822,0.26793271158367915,GradientBoostingRegressor,cead2cbd1f8f0b86-Others-temporary
1,68.0,4640.0,0.7590301830776843,0.7555555555555555,-289.0,0.7590301830776843,HistGradientBoostingRegressor,cead2cbd1f8f0b86-Others-temporary
2,32.0,1040.0,0.35823849579416134,0.35555555555555557,-64.0,0.35823849579416134,HistGradientBoostingRegressor,cead2cbd1f8f0b86-Others-temporary
3,44.66666666666667,2319.1111111111113,0.7817054263565892,0.6568627450980393,-6.157750342935529,0.7817054263565892,HistGradientBoostingRegressor,cead2cbd1f8f0b86-Others-temporary
4,43.5,2048.5,0.7666666666666667,0.696,-12.1104,0.7666666666666667,HistGradientBoostingRegressor,cead2cbd1f8f0b86-Others-temporary
5,32.3,1199.5399999999997,0.58,0.5167999999999999,-6.6770559999999985,0.58,HistGradientBoostingRegressor,cead2cbd1f8f0b86-Others-temporary
6,39.0,1527.25,0.7468181818181818,0.7428571428571429,-243.36,0.7468181818181818,HistGradientBoostingRegressor,cead2cbd1f8f0b86-Others-temporary
7,33.07142857142857,1099.969387755102,0.6336363636363636,0.6299319727891156,-174.9951020408163,0.6336363636363636,HistGradientBoostingRegressor,cead2cbd1f8f0b86-Others-temporary
8,24.75,661.5625,0.456171875,0.4342105263157895,-12.501275510204081,0.456171875,HistGradientBoostingRegressor,cead2cbd1f8f0b86-Others-temporary
9,23.72222222222223,652.9938271604941,0.480246913580247,0.4352701325178391,-6.235388666598273,0.480246913580247,HistGradientBoostingRegressor,cead2cbd1f8f0b86-Others-temporary
10,37.8,1464.8399999999997,1.0169696969696969,0.9692307692307691,-39.68999999999999,1.0169696969696969,HistGradientBoostingRegressor,cead2cbd1f8f0b86-Others-temporary
11,43.40909090909091,1890.5991735537186,1.4396399055489963,1.4232488822652756,-301.49586776859496,1.4396399055489963,HistGradientBoostingRegressor,cead2cbd1f8f0b86-Others-temporary
12,36.5,1368.25,1.1401785714285713,1.0735294117647058,-37.00694444444444,1.1401785714285713,HistGradientBoostingRegressor,cead2cbd1f8f0b86-Others-temporary
13,26.230769230769226,689.0532544378696,0.6407509157509157,0.6397748592870544,-688.0532544378696,0.6407509157509157,HistGradientBoostingRegressor,cead2cbd1f8f0b86-Others-temporary
14,37.5,1608.2959183673468,0.4982121053549625,0.4716981132075472,-0.1436770975056687,0.4982121053549625,HistGradientBoostingRegressor,cead2cbd1f8f0b86-Others-temporary
15,44.5,2057.104444444444,0.8657305657305658,0.6137931034482759,-0.038810475669458055,0.8657305657305658,HistGradientBoostingRegressor,cead2cbd1f8f0b86-Others-temporary
16,41.0625,1690.12890625,1.5946800595238095,1.5793269230769231,-421.5322265625,1.5946800595238095,HistGradientBoostingRegressor,cead2cbd1f8f0b86-Others-temporary
17,33.26470588235294,1162.7906574394465,1.179581447963801,1.0560224089635855,-19.671833910034604,1.179581447963801,HistGradientBoostingRegressor,cead2cbd1f8f0b86-Others-temporary
18,13.5,282.25,0.3309430682312038,0.2755102040816326,-1.8224999999999998,0.3309430682312038,HistGradientBoostingRegressor,cead2cbd1f8f0b86-Others-temporary
19,7.7631578947368425,90.51662049861497,0.15733719892952722,0.14510575504181014,-1.9922849751608256,0.15733719892952722,HistGradientBoostingRegressor,cead2cbd1f8f0b86-Others-temporary
1,77.98679245283019,6082.266635813457,0.8685178269677817,0.8665199161425576,-379.14166473834103,0.8685178269677817,KernelRidge,cead2cbd1f8f0b86-Others-temporary
2,41.37341772151794,1755.0028040377256,0.46386830682891744,0.45970464135019934,-108.68767525235785,0.46386830682891744,KernelRidge,cead2cbd1f8f0b86-Others-temporary
3,55.20739456961661,3460.948537242787,0.9581271747746918,0.8118734495531854,-9.681939929761688,0.9581271747746918,KernelRidge,cead2cbd1f8f0b86-Others-temporary
4,54.99480681346358,3131.835692238481,0.9511258828417583,0.8799169090154173,-19.04374843032628,0.9511258828417583,KernelRidge,cead2cbd1f8f0b86-Others-temporary
5,43.2299107142933,2074.8886419808964,0.768348214285842,0.6916785714286927,-12.279287308677738,0.768348214285842,KernelRidge,cead2cbd1f8f0b86-Others-temporary
6,50.855357142845605,2586.8271747437257,0.9715551948049754,0.9686734693875353,-412.8923479589961,0.9715551948049754,KernelRidge,cead2cbd1f8f0b86-Others-temporary
7,44.77200168031413,2021.2980717970129,0.8584605984226933,0.8528000320059835,-322.4076914875221,0.8584605984226933,KernelRidge,cead2cbd1f8f0b86-Others-temporary
8,36.670906200331956,1375.1502971543644,0.6652605546725658,0.6433492315847712,-27.064291778660497,0.6652605546725658,KernelRidge,cead2cbd1f8f0b86-Others-temporary
9,35.72651766838703,1394.9347922389138,0.7119903352463343,0.6555324342823309,-14.456341188242812,0.7119903352463343,KernelRidge,cead2cbd1f8f0b86-Others-temporary
10,50.52027203766556,2606.116594227784,1.356435926093238,1.2953915907093734,-71.39212761743845,1.356435926093238,KernelRidge,cead2cbd1f8f0b86-Others-temporary
11,56.06399542072177,3157.2682331801593,1.8607556677247472,1.8381637842859595,-504.1629173088255,1.8607556677247472,KernelRidge,cead2cbd1f8f0b86-Others-temporary
12,48.68976847638805,2394.0742158730245,1.5039859468202135,1.4320520140114132,-65.50206155202847,1.5039859468202135,KernelRidge,cead2cbd1f8f0b86-Others-temporary
13,37.86771320618125,1433.9701643509884,0.9241046796550432,0.923602761126372,-1432.9701643509884,0.9241046796550432,KernelRidge,cead2cbd1f8f0b86-Others-temporary
14,36.47441991620872,1337.0474180283338,0.5703928304839849,0.4587977347950782,0.04921072495762924,0.5703928304839849,KernelRidge,cead2cbd1f8f0b86-Others-temporary
15,45.48008127132198,2077.23647832391,1.0467962052304274,0.6273114658113377,-0.048976885910319456,1.0467962052304274,KernelRidge,cead2cbd1f8f0b86-Others-temporary
16,55.61776683087737,3102.5359030015093,2.160905074673835,2.139144878110668,-774.6339757503773,2.160905074673835,KernelRidge,cead2cbd1f8f0b86-Others-temporary
17,47.22420279473747,2272.741370401963,1.6415845192284337,1.4991810411027768,-39.40429102936823,1.6415845192284337,KernelRidge,cead2cbd1f8f0b86-Others-temporary
18,26.804344271251466,801.0408914260287,0.6102910976813841,0.5470274341071728,-7.010408914260287,0.6102910976813841,KernelRidge,cead2cbd1f8f0b86-Others-temporary
19,21.008163978665834,482.0035558055837,0.4092541982172766,0.39267596221805295,-14.934001844812684,0.4092541982172766,KernelRidge,cead2cbd1f8f0b86-Others-temporary
1,68.0,4640.0,0.7590301830776843,0.7555555555555555,-289.0,0.7590301830776843,Lars,cead2cbd1f8f0b86-Others-temporary
2,112.0,13568.0,1.2627412172191985,1.2444444444444445,-847.0,1.2627412172191985,Lars,cead2cbd1f8f0b86-Others-temporary
3,35.33333333333337,1252.444444444447,0.5503875968992253,0.5196078431372555,-2.8655692729766886,0.5503875968992253,Lars,cead2cbd1f8f0b86-Others-temporary
4,22.899999999999977,881.6199999999981,0.3186666666666663,0.3663999999999996,-4.642367999999988,0.3186666666666663,Lars,cead2cbd1f8f0b86-Others-temporary
5,43.30000000000001,1877.780000000001,0.7160000000000002,0.6928000000000002,-11.017792000000007,0.7160000000000002,Lars,cead2cbd1f8f0b86-Others-temporary
6,21.68571428571431,571.9918367346951,0.4048311688311693,0.41306122448979643,-90.51869387755121,0.4048311688311693,Lars,cead2cbd1f8f0b86-Others-temporary
7,29.60714285714289,896.5127551020428,0.569285714285715,0.5639455782312931,-142.44204081632685,0.569285714285715,Lars,cead2cbd1f8f0b86-Others-temporary
8,34.416666666666714,1351.3472222222251,0.5847916666666675,0.6038011695906441,-26.578514739229085,0.5847916666666675,Lars,cead2cbd1f8f0b86-Others-temporary
9,33.47777777777776,1139.2516049382705,0.6193364197530861,0.6142711518858305,-11.623286481310476,0.6193364197530861,Lars,cead2cbd1f8f0b86-Others-temporary
10,12.236363636363649,153.078604224059,0.3139638812366089,0.3137529137529141,-3.252183450668306,0.3139638812366089,Lars,cead2cbd1f8f0b86-Others-temporary
11,6.640909090909076,45.92417355371888,0.22286009445100313,0.21773472429210086,-6.34786776859502,0.22286009445100313,Lars,cead2cbd1f8f0b86-Others-temporary
12,15.975524475524452,350.2457944153743,0.43274850149850075,0.46986836692718975,-8.729049844871508,0.43274850149850075,Lars,cead2cbd1f8f0b86-Others-temporary
13,28.453296703296672,831.1717334862924,0.6916306907378329,0.69398284642187,-830.1717334862924,0.6916306907378329,Lars,cead2cbd1f8f0b86-Others-temporary
14,67.10219780219781,6167.793331723223,0.7741999758483276,0.8440528025433687,-3.385986369225403,0.7741999758483276,Lars,cead2cbd1f8f0b86-Others-temporary
15,59.37202380952381,5249.214535856008,0.74990497267283,0.8189244663382594,-1.6507837575336488,0.74990497267283,Lars,cead2cbd1f8f0b86-Others-temporary
16,7.51102941176471,56.43406682525958,0.29101015406162484,0.288885746606335,-13.108516706314894,0.29101015406162484,Lars,cead2cbd1f8f0b86-Others-temporary
17,9.436274509803923,101.46544598231456,0.28932566616390143,0.2995642701525055,-0.8038301507967034,0.28932566616390143,Lars,cead2cbd1f8f0b86-Others-temporary
18,26.262641898864786,833.4416706338163,0.507165637590153,0.5359722836503017,-7.334416706338164,0.507165637590153,Lars,cead2cbd1f8f0b86-Others-temporary
19,31.621052631578948,1013.0284148968915,0.5903217613242144,0.5910477127397934,-32.48854264121955,0.5903217613242144,Lars,cead2cbd1f8f0b86-Others-temporary
1,68.0,4640.0,0.7590301830776843,0.7555555555555555,-289.0,0.7590301830776843,Lasso,cead2cbd1f8f0b86-Others-temporary
2,104.0,11716.0,1.1726867887184562,1.1555555555555554,-731.25,1.1726867887184562,Lasso,cead2cbd1f8f0b86-Others-temporary
3,31.58333333333337,1005.0694444444468,0.4879457364341091,0.46446078431372606,-2.1020661865569346,0.4879457364341091,Lasso,cead2cbd1f8f0b86-Others-temporary
4,22.5,778.5,0.32,0.36,-3.9824,0.32,Lasso,cead2cbd1f8f0b86-Others-temporary
5,41.550000000000125,1730.2050000000104,0.6860000000000022,0.6648000000000021,-10.073312000000067,0.6860000000000022,Lasso,cead2cbd1f8f0b86-Others-temporary
6,20.314285714285745,510.9632653061236,0.37880519480519537,0.38693877551020467,-80.75412244897979,0.37880519480519537,Lasso,cead2cbd1f8f0b86-Others-temporary
7,28.48214285714286,830.061862244898,0.5476948051948053,0.5425170068027212,-131.80989795918367,0.5476948051948053,Lasso,cead2cbd1f8f0b86-Others-temporary
8,33.464285714285694,1284.247448979591,0.5680357142857139,0.5870927318295736,-25.209131611828386,0.5680357142857139,Lasso,cead2cbd1f8f0b86-Others-temporary
9,32.65277777777777,1085.3445216049379,0.6034770447530863,0.5991335372069316,-11.025978078725073,0.6034770447530863,Lasso,cead2cbd1f8f0b86-Others-temporary
10,11.50909090909093,136.03471074380218,0.2946189164370987,0.2951048951048956,-2.778741965105616,0.2946189164370987,Lasso,cead2cbd1f8f0b86-Others-temporary
11,5.990909090909128,37.58099173553759,0.20126918536009564,0.19642324888226648,-5.012958677686014,0.20126918536009564,Lasso,cead2cbd1f8f0b86-Others-temporary
12,15.388111888111894,331.0061249938874,0.4151411088911091,0.45259152612093806,-8.194614583163538,0.4151411088911091,Lasso,cead2cbd1f8f0b86-Others-temporary
13,27.91758241758245,800.6424948677716,0.678577969649399,0.6809166443312793,-799.6424948677716,0.678577969649399,Lasso,cead2cbd1f8f0b86-Others-temporary
14,66.60989010989009,6099.455681680953,0.7664700988876809,0.8378602529545923,-3.337390706973122,0.7664700988876809,Lasso,cead2cbd1f8f0b86-Others-temporary
15,58.91666666666667,5197.5761111111115,0.7394637769637771,0.8126436781609196,-1.6247070375513757,0.7394637769637771,Lasso,cead2cbd1f8f0b86-Others-temporary
16,7.934558823529414,62.98268274221457,0.30746673669467794,0.3051753393665159,-14.745670685553643,0.30746673669467794,Lasso,cead2cbd1f8f0b86-Others-temporary
17,9.41544117647058,98.43914900519013,0.2917962858220209,0.2989028944911295,-0.7500293156478246,0.2917962858220209,Lasso,cead2cbd1f8f0b86-Others-temporary
18,25.891124871001026,813.620623753276,0.4993348788542154,0.5283903034898169,-7.136206237532761,0.4993348788542154,Lasso,cead2cbd1f8f0b86-Others-temporary
19,31.27105263157894,991.1372745460137,0.5836774581227078,0.5845056566650269,-31.764868580033514,0.5836774581227078,Lasso,cead2cbd1f8f0b86-Others-temporary
1,68.0,4640.0,0.7590301830776843,0.7555555555555555,-289.0,0.7590301830776843,LassoLars,cead2cbd1f8f0b86-Others-temporary
2,106.34314575050757,12244.354980121818,1.199063120150444,1.181590508338973,-764.2721862576136,1.199063120150444,LassoLars,cead2cbd1f8f0b86-Others-temporary
3,30.030032474434336,911.1704911027001,0.4620814709696507,0.4416181246240343,-1.8122546021688275,0.4620814709696507,LassoLars,cead2cbd1f8f0b86-Others-temporary
4,22.005572809000057,667.399147733422,0.3216480906366659,0.3520891649440009,-3.2713545454939004,0.3216480906366659,LassoLars,cead2cbd1f8f0b86-Others-temporary
5,37.766014094705326,1432.4747566126246,0.6211316701949485,0.6042562255152852,-8.167838442320797,0.6211316701949485,LassoLars,cead2cbd1f8f0b86-Others-temporary
6,15.94861696090922,342.12862022131833,0.29595670823543635,0.30378318020779466,-53.740579235410934,0.29595670823543635,LassoLars,cead2cbd1f8f0b86-Others-temporary
7,23.65420240724754,573.9829435710416,0.45503736221701624,0.45055623632852454,-90.83727097136665,0.45503736221701624,LassoLars,cead2cbd1f8f0b86-Others-temporary
8,28.24453266818304,949.030176306706,0.4762006841308454,0.4955181169856674,-18.36796278176951,0.4762006841308454,LassoLars,cead2cbd1f8f0b86-Others-temporary
9,27.087355256535574,757.5484633103729,0.4964902292405706,0.49701569278046925,-7.393888790142636,0.4964902292405706,LassoLars,cead2cbd1f8f0b86-Others-temporary
10,5.630581045605496,37.37157971246329,0.1382545126608869,0.14437387296424348,-0.03809943645731351,0.1382545126608869,LassoLars,cead2cbd1f8f0b86-Others-temporary
11,0.8255955759149174,0.7127068209816185,0.026774668841896908,0.02706870740704647,0.885966908642941,0.026774668841896908,LassoLars,cead2cbd1f8f0b86-Others-temporary
12,9.246506542247502,165.6199239146195,0.23274524364966578,0.27195607477198536,-3.600553442072764,0.23274524364966578,LassoLars,cead2cbd1f8f0b86-Others-temporary
13,21.226115865850957,467.88516139929595,0.5155398560476873,0.5177101430695356,-466.88516139929595,0.5155398560476873,LassoLars,cead2cbd1f8f0b86-Others-temporary
14,59.676670107921666,5188.733430431891,0.6576094444764322,0.7506499384644235,-2.689765994973789,0.6576094444764322,LassoLars,cead2cbd1f8f0b86-Others-temporary
15,51.75244142501707,4439.9157111736695,0.5751903510931575,0.7138267782760975,-1.242098579055003,0.5751903510931575,LassoLars,cead2cbd1f8f0b86-Others-temporary
16,15.32052589323633,235.0432886305912,0.5944545444627212,0.589250995893705,-57.7608221576478,0.5944545444627212,LassoLars,cead2cbd1f8f0b86-Others-temporary
17,9.015461804038829,101.26778096217093,0.3392297370398891,0.28620513663615327,-0.8003161059941499,0.3392297370398891,LassoLars,cead2cbd1f8f0b86-Others-temporary
18,18.08504659122822,461.1479947185489,0.33479998247482345,0.3690825834944535,-3.6114799471854893,0.33479998247482345,LassoLars,cead2cbd1f8f0b86-Others-temporary
19,23.264917161159616,557.4366564651934,0.4316911965861289,0.4348582646945723,-17.427658064965073,0.4316911965861289,LassoLars,cead2cbd1f8f0b86-Others-temporary
1,68.0,4640.0,0.7590301830776843,0.7555555555555555,-289.0,0.7590301830776843,LassoLarsIC,cead2cbd1f8f0b86-Others-temporary
2,32.0,1040.0,0.35823849579416134,0.35555555555555557,-64.0,0.35823849579416134,LassoLarsIC,cead2cbd1f8f0b86-Others-temporary
3,44.66666666666667,2319.1111111111113,0.7817054263565892,0.6568627450980393,-6.157750342935529,0.7817054263565892,LassoLarsIC,cead2cbd1f8f0b86-Others-temporary
4,22.899999999999977,881.6199999999981,0.3186666666666663,0.3663999999999996,-4.642367999999988,0.3186666666666663,LassoLarsIC,cead2cbd1f8f0b86-Others-temporary
5,43.30000000000001,1877.780000000001,0.7160000000000002,0.6928000000000002,-11.017792000000007,0.7160000000000002,LassoLarsIC,cead2cbd1f8f0b86-Others-temporary
6,21.68571428571431,571.9918367346951,0.4048311688311693,0.41306122448979643,-90.51869387755121,0.4048311688311693,LassoLarsIC,cead2cbd1f8f0b86-Others-temporary
7,29.60714285714289,896.5127551020428,0.569285714285715,0.5639455782312931,-142.44204081632685,0.569285714285715,LassoLarsIC,cead2cbd1f8f0b86-Others-temporary
8,34.416666666666714,1351.3472222222251,0.5847916666666675,0.6038011695906441,-26.578514739229085,0.5847916666666675,LassoLarsIC,cead2cbd1f8f0b86-Others-temporary
9,33.47777777777776,1139.2516049382705,0.6193364197530861,0.6142711518858305,-11.623286481310476,0.6193364197530861,LassoLarsIC,cead2cbd1f8f0b86-Others-temporary
10,12.236363636363649,153.078604224059,0.3139638812366089,0.3137529137529141,-3.252183450668306,0.3139638812366089,LassoLarsIC,cead2cbd1f8f0b86-Others-temporary
11,6.640909090909076,45.92417355371888,0.22286009445100313,0.21773472429210086,-6.34786776859502,0.22286009445100313,LassoLarsIC,cead2cbd1f8f0b86-Others-temporary
12,15.975524475524452,350.2457944153743,0.43274850149850075,0.46986836692718975,-8.729049844871508,0.43274850149850075,LassoLarsIC,cead2cbd1f8f0b86-Others-temporary
13,28.453296703296672,831.1717334862924,0.6916306907378329,0.69398284642187,-830.1717334862924,0.6916306907378329,LassoLarsIC,cead2cbd1f8f0b86-Others-temporary
14,67.10219780219781,6167.793331723223,0.7741999758483276,0.8440528025433687,-3.385986369225403,0.7741999758483276,LassoLarsIC,cead2cbd1f8f0b86-Others-temporary
15,59.37202380952381,5249.214535856008,0.74990497267283,0.8189244663382594,-1.6507837575336488,0.74990497267283,LassoLarsIC,cead2cbd1f8f0b86-Others-temporary
16,7.51102941176471,56.43406682525958,0.29101015406162484,0.288885746606335,-13.108516706314894,0.29101015406162484,LassoLarsIC,cead2cbd1f8f0b86-Others-temporary
17,9.436274509803923,101.46544598231456,0.28932566616390143,0.2995642701525055,-0.8038301507967034,0.28932566616390143,LassoLarsIC,cead2cbd1f8f0b86-Others-temporary
18,26.262641898864786,833.4416706338163,0.507165637590153,0.5359722836503017,-7.334416706338164,0.507165637590153,LassoLarsIC,cead2cbd1f8f0b86-Others-temporary
19,31.621052631578948,1013.0284148968915,0.5903217613242144,0.5910477127397934,-32.48854264121955,0.5903217613242144,LassoLarsIC,cead2cbd1f8f0b86-Others-temporary
1,68.0,4640.0,0.7590301830776843,0.7555555555555555,-289.0,0.7590301830776843,LinearRegression,cead2cbd1f8f0b86-Others-temporary
2,112.0,13568.0,1.2627412172191985,1.2444444444444445,-847.0,1.2627412172191985,LinearRegression,cead2cbd1f8f0b86-Others-temporary
3,35.33333333333337,1252.444444444447,0.5503875968992253,0.5196078431372555,-2.8655692729766886,0.5503875968992253,LinearRegression,cead2cbd1f8f0b86-Others-temporary
4,22.899999999999977,881.6199999999981,0.3186666666666663,0.3663999999999996,-4.642367999999988,0.3186666666666663,LinearRegression,cead2cbd1f8f0b86-Others-temporary
5,43.300000000000125,1877.7800000000107,0.7160000000000022,0.692800000000002,-11.017792000000068,0.7160000000000022,LinearRegression,cead2cbd1f8f0b86-Others-temporary
6,21.685714285714255,571.9918367346926,0.40483116883116826,0.4130612244897953,-90.51869387755082,0.40483116883116826,LinearRegression,cead2cbd1f8f0b86-Others-temporary
7,29.60714285714286,896.512755102041,0.5692857142857143,0.5639455782312925,-142.44204081632654,0.5692857142857143,LinearRegression,cead2cbd1f8f0b86-Others-temporary
8,34.416666666666714,1351.3472222222251,0.5847916666666675,0.6038011695906441,-26.578514739229085,0.5847916666666675,LinearRegression,cead2cbd1f8f0b86-Others-temporary
9,33.47777777777776,1139.2516049382705,0.6193364197530861,0.6142711518858305,-11.623286481310476,0.6193364197530861,LinearRegression,cead2cbd1f8f0b86-Others-temporary
10,12.236363636363649,153.078604224059,0.3139638812366089,0.3137529137529141,-3.252183450668306,0.3139638812366089,LinearRegression,cead2cbd1f8f0b86-Others-temporary
11,6.640909090909105,45.92417355371918,0.222860094451004,0.2177347242921018,-6.347867768595068,0.222860094451004,LinearRegression,cead2cbd1f8f0b86-Others-temporary
12,15.975524475524509,350.2457944153761,0.43274850149850247,0.4698683669271914,-8.72904984487156,0.43274850149850247,LinearRegression,cead2cbd1f8f0b86-Others-temporary
13,28.4532967032967,831.1717334862938,0.6916306907378336,0.6939828464218708,-830.1717334862938,0.6916306907378336,LinearRegression,cead2cbd1f8f0b86-Others-temporary
14,67.10219780219778,6167.793331723218,0.7741999758483271,0.8440528025433683,-3.3859863692253995,0.7741999758483271,LinearRegression,cead2cbd1f8f0b86-Others-temporary
15,59.372023809523796,5249.214535856007,0.7499049726728295,0.8189244663382592,-1.6507837575336484,0.7499049726728295,LinearRegression,cead2cbd1f8f0b86-Others-temporary
16,7.5110294117647385,56.434066825260004,0.2910101540616259,0.2888857466063361,-13.108516706315001,0.2910101540616259,LinearRegression,cead2cbd1f8f0b86-Others-temporary
17,9.436274509803908,101.46544598231439,0.2893256661639009,0.29956427015250503,-0.8038301507967003,0.2893256661639009,LinearRegression,cead2cbd1f8f0b86-Others-temporary
18,26.262641898864814,833.4416706338178,0.5071656375901537,0.5359722836503024,-7.334416706338178,0.5071656375901537,LinearRegression,cead2cbd1f8f0b86-Others-temporary
19,31.621052631578962,1013.0284148968922,0.5903217613242148,0.5910477127397937,-32.488542641219574,0.5903217613242148,LinearRegression,cead2cbd1f8f0b86-Others-temporary
1,78.28490566037736,6128.853292986829,0.8718367518415132,0.869832285115304,-382.0533308116768,0.8718367518415132,LinearSVR,cead2cbd1f8f0b86-Others-temporary
2,5.787694974003465,35.35541361671709,0.06510946157203779,0.06430772193337184,-1.209713351044818,0.06510946157203779,LinearSVR,cead2cbd1f8f0b86-Others-temporary
3,31.628594249201285,1395.4312244179287,0.5833758080095105,0.465126386017666,-3.3068864951170633,0.5833758080095105,LinearSVR,cead2cbd1f8f0b86-Others-temporary
4,36.00779896013866,1411.3336311946396,0.6358405545927212,0.5761247833622185,-8.032535239645693,0.6358405545927212,LinearSVR,cead2cbd1f8f0b86-Others-temporary
5,39.55805892547661,1768.8792174908167,0.7069150779896014,0.6329289428076257,-10.320826991941226,0.7069150779896014,LinearSVR,cead2cbd1f8f0b86-Others-temporary
6,45.01329394387002,2026.928073501786,0.8601221968577951,0.8573960751213336,-323.30849176028573,0.8601221968577951,LinearSVR,cead2cbd1f8f0b86-Others-temporary
7,48.28286558345639,2348.3957517416497,0.9255297435208802,0.9196736301610742,-374.743320278664,0.9255297435208802,LinearSVR,cead2cbd1f8f0b86-Others-temporary
8,27.291719745222935,777.0164874842797,0.49854259554140135,0.4788021007933848,-14.85747933641387,0.49854259554140135,LinearSVR,cead2cbd1f8f0b86-Others-temporary
9,32.42929936305735,1168.8504247636838,0.6493884907997174,0.5950330158359147,-11.951251243918934,0.6493884907997174,LinearSVR,cead2cbd1f8f0b86-Others-temporary
10,27.963414634146346,830.7819750148724,0.7626262626262628,0.7170106316447781,-22.077277083746456,0.7626262626262628,LinearSVR,cead2cbd1f8f0b86-Others-temporary
11,38.43658536585372,1489.5324749553888,1.2781754830535341,1.2602159136345483,-237.3251959928622,1.2781754830535341,LinearSVR,cead2cbd1f8f0b86-Others-temporary
12,31.416438356164385,1012.9327828860951,0.9809980430528377,0.9240128928283643,-27.137021746835973,0.9809980430528377,LinearSVR,cead2cbd1f8f0b86-Others-temporary
13,26.15308748550502,683.9934340157153,0.6383177338259056,0.6378801825732932,-682.9934340157153,0.6383177338259056,LinearSVR,cead2cbd1f8f0b86-Others-temporary
14,36.60821309655938,1463.8867653525924,0.5073734380060686,0.4604806678812501,-0.04098614425073244,0.5073734380060686,LinearSVR,cead2cbd1f8f0b86-Others-temporary
15,45.331947743467936,2099.781639829385,0.9123101430108556,0.6252682447374888,-0.06036189361413191,0.9123101430108556,LinearSVR,cead2cbd1f8f0b86-Others-temporary
16,45.95499648035845,2120.2274955212706,1.7866289359537744,1.7674998646291713,-529.0568738803177,1.7866289359537744,LinearSVR,cead2cbd1f8f0b86-Others-temporary
17,37.62114014251782,1459.8210261734025,1.3195307265972351,1.1943219092862798,-24.952373798638266,1.3195307265972351,LinearSVR,cead2cbd1f8f0b86-Others-temporary
18,17.208419958419896,381.28884783952145,0.4065598795064232,0.35119224404938565,-2.8128884783952146,0.4065598795064232,LinearSVR,cead2cbd1f8f0b86-Others-temporary
19,14.132536382536358,238.9992614355913,0.279151543982052,0.26415955855208145,-6.900802030928638,0.279151543982052,LinearSVR,cead2cbd1f8f0b86-Others-temporary
1,3.6318008509868847,17.782559945689336,0.04149359242979166,0.04035334278874316,-0.11140999660558348,0.04149359242979166,MLPRegressor,cead2cbd1f8f0b86-Others-temporary
2,9.444216152663195,119.74666325345507,0.1024083851583753,0.10493573502959105,-6.484166453340942,0.1024083851583753,MLPRegressor,cead2cbd1f8f0b86-Others-temporary
3,25.988024969332592,1064.310762714975,0.49352808426813055,0.38217683778430284,-2.2849097614659724,0.49352808426813055,MLPRegressor,cead2cbd1f8f0b86-Others-temporary
4,18.289517975158276,457.20407663343633,0.34174828382641403,0.2926322876025324,-1.9261060904539926,0.34174828382641403,MLPRegressor,cead2cbd1f8f0b86-Others-temporary
5,28.43887211179188,1006.3228175088369,0.5208324286368889,0.4550219537886701,-5.440466032056556,0.5208324286368889,MLPRegressor,cead2cbd1f8f0b86-Others-temporary
6,35.91854655455947,1291.2417905021132,0.6866710845523094,0.6841627915154185,-205.5986864803381,0.6866710845523094,MLPRegressor,cead2cbd1f8f0b86-Others-temporary
7,36.301205189566474,1333.158264076951,0.696588309939253,0.6914515274203138,-212.30532225231215,0.696588309939253,MLPRegressor,cead2cbd1f8f0b86-Others-temporary
8,30.31492287181237,950.7945344671342,0.5523201990463454,0.5318407521370592,-18.403970091166006,0.5523201990463454,MLPRegressor,cead2cbd1f8f0b86-Others-temporary
9,24.099396243299005,694.8086965050785,0.4912714250959563,0.4421907567577799,-6.698711318615828,0.4912714250959563,MLPRegressor,cead2cbd1f8f0b86-Others-temporary
10,46.301587635365806,2196.1699274890216,1.2452301757739042,1.1872201957786104,-60.004720208028374,1.2452301757739042,MLPRegressor,cead2cbd1f8f0b86-Others-temporary
11,54.95026455098522,3033.396429700567,1.8239090413092538,1.8016480180650891,-484.3434287520907,1.8239090413092538,MLPRegressor,cead2cbd1f8f0b86-Others-temporary
12,42.57737714683563,1837.259123609689,1.3190039919710772,1.252275798436342,-50.034975655824695,1.3190039919710772,MLPRegressor,cead2cbd1f8f0b86-Others-temporary
13,29.825053231345763,889.5367450274232,0.7279056239670154,0.7274403227157503,-888.5367450274232,0.7279056239670154,MLPRegressor,cead2cbd1f8f0b86-Others-temporary
14,36.515329172474885,1349.6924144000163,0.5599229703912818,0.45931231663490424,0.04021872753776612,0.5599229703912818,MLPRegressor,cead2cbd1f8f0b86-Others-temporary
15,45.45584983960939,2074.5548700807853,1.0451499556358481,0.6269772391670261,-0.04762270929467771,1.0451499556358481,MLPRegressor,cead2cbd1f8f0b86-Others-temporary
16,55.73776029039882,3115.7919036893736,2.165495555592952,2.1437600111691855,-777.9479759223434,2.165495555592952,MLPRegressor,cead2cbd1f8f0b86-Others-temporary
17,47.097702831506254,2261.0085985343367,1.6374492633376054,1.4951651692541668,-39.19570841838821,1.6374492633376054,MLPRegressor,cead2cbd1f8f0b86-Others-temporary
18,26.7956649491676,800.9090515323699,0.6101859121044932,0.5468503050850531,-7.009090515323699,0.6101859121044932,MLPRegressor,cead2cbd1f8f0b86-Others-temporary
19,20.069187166024754,443.1070801054869,0.3914660461178994,0.37512499375747205,-13.648167937371467,0.3914660461178994,MLPRegressor,cead2cbd1f8f0b86-Others-temporary
1,68.0,4640.0,0.7590301830776843,0.7555555555555555,-289.0,0.7590301830776843,NuSVR,cead2cbd1f8f0b86-Others-temporary
2,31.995421090277823,1039.7436225377307,0.3581897839607648,0.3555046787808647,-63.98397640860817,0.3581897839607648,NuSVR,cead2cbd1f8f0b86-Others-temporary
3,53.9990704679479,3239.933038403522,0.9292915127651062,0.7941039774698221,-8.999793328405932,0.9292915127651062,NuSVR,cead2cbd1f8f0b86-Others-temporary
4,43.51679570468349,2048.5983142515424,0.7667644376820395,0.6962687312749358,-12.111029211209871,0.7667644376820395,NuSVR,cead2cbd1f8f0b86-Others-temporary
5,26.832746223200225,882.1584271621736,0.48966007241261866,0.42932393957120357,-4.6458139338379105,0.48966007241261866,NuSVR,cead2cbd1f8f0b86-Others-temporary
6,31.96526930504003,1026.9903888671643,0.6123214766665737,0.608862272476953,-163.31846221874628,0.6123214766665737,NuSVR,cead2cbd1f8f0b86-Others-temporary
7,19.19278815224726,375.63669583287606,0.36885955319575076,0.3655769171856621,-59.10187133326017,0.36885955319575076,NuSVR,cead2cbd1f8f0b86-Others-temporary
8,14.265063996355117,250.24593015367577,0.26905387928279145,0.2502642806378091,-4.107059799054608,0.26905387928279145,NuSVR,cead2cbd1f8f0b86-Others-temporary
9,13.150727810126142,266.7092238517751,0.280800918409403,0.2412977579839659,-1.9552268570833808,0.280800918409403,NuSVR,cead2cbd1f8f0b86-Others-temporary
10,28.86995157283554,871.509053948568,0.7831189228477095,0.7402551685342446,-23.208584831904666,0.7831189228477095,NuSVR,cead2cbd1f8f0b86-Others-temporary
11,36.78968998371669,1360.4511311880813,1.2215212761129401,1.206219343728416,-216.672180990093,1.2215212761129401,NuSVR,cead2cbd1f8f0b86-Others-temporary
12,31.577615656939344,1030.4845158529627,0.9895381604624423,0.9287534016746866,-27.62456988480452,0.9895381604624423,NuSVR,cead2cbd1f8f0b86-Others-temporary
13,22.850841961967205,522.6426435072592,0.5580824651381086,0.5573376088284684,-521.6426435072592,0.5580824651381086,NuSVR,cead2cbd1f8f0b86-Others-temporary
14,37.1772003172979,1650.3431410728383,0.4764872164335228,0.46763773984022516,-0.1735773447629072,0.4764872164335228,NuSVR,cead2cbd1f8f0b86-Others-temporary
15,44.82509273806274,2128.033369899373,0.8439875113292576,0.6182771412146585,-0.07462864279730996,0.8439875113292576,NuSVR,cead2cbd1f8f0b86-Others-temporary
16,37.619240057298235,1420.3119208593969,1.4622305913699614,1.4468938483576244,-354.0779802148492,1.4622305913699614,NuSVR,cead2cbd1f8f0b86-Others-temporary
17,31.131802875723327,1022.6229203439605,1.1062773454252286,0.9883112024039151,-17.179963028337074,1.1062773454252286,NuSVR,cead2cbd1f8f0b86-Others-temporary
18,12.148489636477109,244.41526591462045,0.30146803838672365,0.24792835992810427,-1.4441526591462046,0.30146803838672365,NuSVR,cead2cbd1f8f0b86-Others-temporary
19,6.518678654199235,74.6046130298528,0.13415117763640869,0.12184446082615392,-1.4662681993339768,0.13415117763640869,NuSVR,cead2cbd1f8f0b86-Others-temporary
1,68.0,4640.0,0.7590301830776843,0.7555555555555555,-289.0,0.7590301830776843,OrthogonalMatchingPursuit,cead2cbd1f8f0b86-Others-temporary
2,112.0,13568.0,1.2627412172191985,1.2444444444444445,-847.0,1.2627412172191985,OrthogonalMatchingPursuit,cead2cbd1f8f0b86-Others-temporary
3,35.33333333333337,1252.444444444447,0.5503875968992253,0.5196078431372555,-2.8655692729766886,0.5503875968992253,OrthogonalMatchingPursuit,cead2cbd1f8f0b86-Others-temporary
4,22.899999999999977,881.6199999999981,0.3186666666666663,0.3663999999999996,-4.642367999999988,0.3186666666666663,OrthogonalMatchingPursuit,cead2cbd1f8f0b86-Others-temporary
5,43.30000000000001,1877.780000000001,0.7160000000000002,0.6928000000000002,-11.017792000000007,0.7160000000000002,OrthogonalMatchingPursuit,cead2cbd1f8f0b86-Others-temporary
6,21.68571428571431,571.9918367346951,0.4048311688311693,0.41306122448979643,-90.51869387755121,0.4048311688311693,OrthogonalMatchingPursuit,cead2cbd1f8f0b86-Others-temporary
7,29.60714285714289,896.5127551020428,0.569285714285715,0.5639455782312931,-142.44204081632685,0.569285714285715,OrthogonalMatchingPursuit,cead2cbd1f8f0b86-Others-temporary
8,34.416666666666714,1351.3472222222251,0.5847916666666675,0.6038011695906441,-26.578514739229085,0.5847916666666675,OrthogonalMatchingPursuit,cead2cbd1f8f0b86-Others-temporary
9,33.47777777777776,1139.2516049382705,0.6193364197530861,0.6142711518858305,-11.623286481310476,0.6193364197530861,OrthogonalMatchingPursuit,cead2cbd1f8f0b86-Others-temporary
10,12.236363636363649,153.078604224059,0.3139638812366089,0.3137529137529141,-3.252183450668306,0.3139638812366089,OrthogonalMatchingPursuit,cead2cbd1f8f0b86-Others-temporary
11,6.640909090909076,45.92417355371888,0.22286009445100313,0.21773472429210086,-6.34786776859502,0.22286009445100313,OrthogonalMatchingPursuit,cead2cbd1f8f0b86-Others-temporary
12,15.975524475524452,350.2457944153743,0.43274850149850075,0.46986836692718975,-8.729049844871508,0.43274850149850075,OrthogonalMatchingPursuit,cead2cbd1f8f0b86-Others-temporary
13,28.453296703296672,831.1717334862924,0.6916306907378329,0.69398284642187,-830.1717334862924,0.6916306907378329,OrthogonalMatchingPursuit,cead2cbd1f8f0b86-Others-temporary
14,67.10219780219781,6167.793331723223,0.7741999758483276,0.8440528025433687,-3.385986369225403,0.7741999758483276,OrthogonalMatchingPursuit,cead2cbd1f8f0b86-Others-temporary
15,59.37202380952381,5249.214535856008,0.74990497267283,0.8189244663382594,-1.6507837575336488,0.74990497267283,OrthogonalMatchingPursuit,cead2cbd1f8f0b86-Others-temporary
16,7.51102941176471,56.43406682525958,0.29101015406162484,0.288885746606335,-13.108516706314894,0.29101015406162484,OrthogonalMatchingPursuit,cead2cbd1f8f0b86-Others-temporary
17,9.436274509803923,101.46544598231456,0.28932566616390143,0.2995642701525055,-0.8038301507967034,0.28932566616390143,OrthogonalMatchingPursuit,cead2cbd1f8f0b86-Others-temporary
18,26.262641898864786,833.4416706338163,0.507165637590153,0.5359722836503017,-7.334416706338164,0.507165637590153,OrthogonalMatchingPursuit,cead2cbd1f8f0b86-Others-temporary
19,31.621052631578948,1013.0284148968915,0.5903217613242144,0.5910477127397934,-32.48854264121955,0.5903217613242144,OrthogonalMatchingPursuit,cead2cbd1f8f0b86-Others-temporary
1,78.39121679811035,6145.507238176444,0.8730192529931037,0.8710135199790039,-383.09420238602775,0.8730192529931037,PassiveAggressiveRegressor,cead2cbd1f8f0b86-Others-temporary
2,5.78730139806315,35.24874060803841,0.06508628345505066,0.06430334886736833,-1.2030462880024007,0.06508628345505066,PassiveAggressiveRegressor,cead2cbd1f8f0b86-Others-temporary
3,31.601291923722115,1393.664444740044,0.5829397899785684,0.4647248812312076,-3.301433471419889,0.5829397899785684,PassiveAggressiveRegressor,cead2cbd1f8f0b86-Others-temporary
4,40.78868930540222,1776.6251977026097,0.7152308839966648,0.6526190288864355,-10.370401265296703,0.7152308839966648,PassiveAggressiveRegressor,cead2cbd1f8f0b86-Others-temporary
5,35.27928632862883,1435.4109981129332,0.6340295064423601,0.5644685812580612,-8.186630387922772,0.6340295064423601,PassiveAggressiveRegressor,cead2cbd1f8f0b86-Others-temporary
6,58.290010908460665,3398.1198864652274,1.1133803028861367,1.1102859220659174,-542.6991818344363,1.1133803028861367,PassiveAggressiveRegressor,cead2cbd1f8f0b86-Others-temporary
7,29.225124325041925,868.7877526877678,0.5614173104382953,0.5566690347627034,-138.00604043004284,0.5614173104382953,PassiveAggressiveRegressor,cead2cbd1f8f0b86-Others-temporary
8,159.24786883498595,25372.677721951215,2.844427065057025,2.7938222602629113,-516.8097494275759,2.844427065057025,PassiveAggressiveRegressor,cead2cbd1f8f0b86-Others-temporary
9,61.690087807570464,3932.848823762256,1.20459930089331,1.131928216652669,-42.57727228545436,1.20459930089331,PassiveAggressiveRegressor,cead2cbd1f8f0b86-Others-temporary
10,22.821436474361064,568.6542415472508,0.62729581681133,0.5851650378041299,-14.795951154090298,0.62729581681133,PassiveAggressiveRegressor,cead2cbd1f8f0b86-Others-temporary
11,14.656585264322736,221.19018721391348,0.4906254225625788,0.48054377915812246,-34.39042995422616,0.4906254225625788,PassiveAggressiveRegressor,cead2cbd1f8f0b86-Others-temporary
12,31.601221370100987,1024.4884569809037,0.9865607233007823,0.9294476873559114,-27.458012693913993,0.9865607233007823,PassiveAggressiveRegressor,cead2cbd1f8f0b86-Others-temporary
13,79.28570065570969,6286.617600326614,1.9345744168968724,1.933797576968529,-6285.617600326614,1.9345744168968724,PassiveAggressiveRegressor,cead2cbd1f8f0b86-Others-temporary
14,36.586830502709844,1444.4243888982141,0.5134065640424563,0.4602117044366018,-0.027146232105396795,0.5134065640424563,PassiveAggressiveRegressor,cead2cbd1f8f0b86-Others-temporary
15,191.37514080743804,38919.942646290234,4.886066267992743,2.6396571145853525,-18.654055117429735,4.886066267992743,PassiveAggressiveRegressor,cead2cbd1f8f0b86-Others-temporary
16,95.51858742810569,9136.208340799843,3.7061431749938096,3.6737918241579113,-2283.052085199961,3.7061431749938096,PassiveAggressiveRegressor,cead2cbd1f8f0b86-Others-temporary
17,42.21096986286043,1825.4024417202659,1.4734924974667516,1.3400307892971566,-31.451598963915835,1.4734924974667516,PassiveAggressiveRegressor,cead2cbd1f8f0b86-Others-temporary
18,17.470003129409015,390.0676382312052,0.4120613815204792,0.3565306761103881,-2.900676382312052,0.4120613815204792,PassiveAggressiveRegressor,cead2cbd1f8f0b86-Others-temporary
19,14.429648463807013,247.68453823202927,0.2847951740220685,0.2697130553982619,-7.187918619240637,0.2847951740220685,PassiveAggressiveRegressor,cead2cbd1f8f0b86-Others-temporary
1,68.00000000000003,4640.000000000004,0.7590301830776847,0.7555555555555559,-289.0000000000002,0.7590301830776847,PoissonRegressor,cead2cbd1f8f0b86-Others-temporary
2,52.303194892200224,2781.3320085343303,0.585642078378199,0.5811466099133358,-172.83325053339564,0.585642078378199,PoissonRegressor,cead2cbd1f8f0b86-Others-temporary
3,13.522424474051192,289.27387871700506,0.1706601296695942,0.1988591834419293,0.10717938667591032,0.1706601296695942,PoissonRegressor,cead2cbd1f8f0b86-Others-temporary
4,18.15191554407015,353.4747280583195,0.28620788411238235,0.2904306487051224,-1.2622382595732446,0.28620788411238235,PoissonRegressor,cead2cbd1f8f0b86-Others-temporary
5,22.3017965385081,559.1592873404426,0.34549458223091567,0.3568287446161296,-2.5786194389788326,0.34549458223091567,PoissonRegressor,cead2cbd1f8f0b86-Others-temporary
6,7.4893229603930855,95.4381336960455,0.13727542707035545,0.14265377067415402,-14.27010139136728,0.13727542707035545,PoissonRegressor,cead2cbd1f8f0b86-Others-temporary
7,13.971026018233456,195.6658968693411,0.267347011098875,0.26611478129968485,-30.306543499094577,0.267347011098875,PoissonRegressor,cead2cbd1f8f0b86-Others-temporary
8,20.0054869118399,494.86814585393523,0.3350660879418239,0.35097345459368245,-9.099349915386433,0.3350660879418239,PoissonRegressor,cead2cbd1f8f0b86-Others-temporary
9,19.58624165830849,434.4473276762426,0.347125736899503,0.35938058088639435,-3.8138208052769267,0.347125736899503,PoissonRegressor,cead2cbd1f8f0b86-Others-temporary
10,3.918188072035388,17.10680422618514,0.09754992678519034,0.10046636082142021,0.5248109937170795,0.09754992678519034,PoissonRegressor,cead2cbd1f8f0b86-Others-temporary
11,4.5439202296933985,21.05327544754354,0.15171282095044453,0.14898099113748847,-2.3685240716069664,0.15171282095044453,PoissonRegressor,cead2cbd1f8f0b86-Others-temporary
12,7.671899202637661,70.12689972388485,0.2149134796076974,0.22564409419522533,-0.947969436774579,0.2149134796076974,PoissonRegressor,cead2cbd1f8f0b86-Others-temporary
13,14.365905201898542,212.58798236461263,0.34911331959312464,0.350387931753623,-211.58798236461263,0.34911331959312464,PoissonRegressor,cead2cbd1f8f0b86-Others-temporary
14,53.59332556456517,4382.008636919077,0.5705293598880399,0.6741298813152852,-2.11609503069801,0.5705293598880399,PoissonRegressor,cead2cbd1f8f0b86-Others-temporary
15,46.72160529202705,4054.0196969339413,0.44640081680877725,0.6444359350624421,-1.0472262072636997,0.44640081680877725,PoissonRegressor,cead2cbd1f8f0b86-Others-temporary
16,13.090314653987868,172.16617453307268,0.5091488090075351,0.5034736405379949,-42.04154363326817,0.5091488090075351,PoissonRegressor,cead2cbd1f8f0b86-Others-temporary
17,8.557720341911011,84.09464732984338,0.31440614943173756,0.27167366164796863,-0.4950159525305491,0.31440614943173756,PoissonRegressor,cead2cbd1f8f0b86-Others-temporary
18,18.148305272869962,450.4202578315086,0.3386527679898803,0.3703735769973462,-3.504202578315086,0.3386527679898803,PoissonRegressor,cead2cbd1f8f0b86-Others-temporary
19,23.53720783424126,574.8128516221612,0.4357871129040768,0.43994780998581795,-18.00207773957558,0.4357871129040768,PoissonRegressor,cead2cbd1f8f0b86-Others-temporary
1,68.0,4640.0,0.7590301830776843,0.7555555555555555,-289.0,0.7590301830776843,RandomForestRegressor,cead2cbd1f8f0b86-Others-temporary
2,16.159999999999997,277.1455999999999,0.18189015338941114,0.17955555555555552,-16.321599999999993,0.18189015338941114,RandomForestRegressor,cead2cbd1f8f0b86-Others-temporary
3,27.040000000000006,1055.1616000000004,0.5029581395348839,0.3976470588235295,-2.2566716049382727,0.5029581395348839,RandomForestRegressor,cead2cbd1f8f0b86-Others-temporary
4,25.980000000000004,831.2104000000003,0.47466666666666674,0.41568000000000005,-4.319746560000001,0.47466666666666674,RandomForestRegressor,cead2cbd1f8f0b86-Others-temporary
5,12.5,156.26960000000003,0.2088,0.2,-0.00012544000000014321,0.2088,RandomForestRegressor,cead2cbd1f8f0b86-Others-temporary
6,18.72,356.6884,0.35965454545454545,0.35657142857142854,-56.070144,0.35965454545454545,RandomForestRegressor,cead2cbd1f8f0b86-Others-temporary
7,4.25,24.3125,0.0834090909090909,0.08095238095238096,-2.89,0.0834090909090909,RandomForestRegressor,cead2cbd1f8f0b86-Others-temporary
8,7.0,49.0225,0.12435937500000001,0.12280701754385964,-0.00045918367346931,0.12435937500000001,RandomForestRegressor,cead2cbd1f8f0b86-Others-temporary
9,9.5,94.8725,0.17268229166666665,0.1743119266055046,-0.05121883656509696,0.17268229166666665,RandomForestRegressor,cead2cbd1f8f0b86-Others-temporary
10,21.659999999999997,505.1555999999998,0.593090909090909,0.5553846153846153,-13.032099999999994,0.593090909090909,RandomForestRegressor,cead2cbd1f8f0b86-Others-temporary
11,19.71,394.7341,0.6573647186147187,0.6462295081967213,-62.157456,0.6573647186147187,RandomForestRegressor,cead2cbd1f8f0b86-Others-temporary
12,6.0,64.08999999999997,0.21053571428571427,0.17647058823529413,-0.7802777777777772,0.21053571428571427,RandomForestRegressor,cead2cbd1f8f0b86-Others-temporary
13,8.909999999999997,80.38809999999994,0.2168511904761904,0.21731707317073162,-79.38809999999994,0.2168511904761904,RandomForestRegressor,cead2cbd1f8f0b86-Others-temporary
14,41.84,3156.8356000000003,0.39072649572649576,0.5262893081761006,-1.2448608711111113,0.39072649572649576,RandomForestRegressor,cead2cbd1f8f0b86-Others-temporary
15,44.5,3099.8216000000007,0.5303052503052503,0.6137931034482759,-0.5653688170685522,0.5303052503052503,RandomForestRegressor,cead2cbd1f8f0b86-Others-temporary
16,64.37,4147.4969,2.4964583333333334,2.475769230769231,-1035.874225,2.4964583333333334,RandomForestRegressor,cead2cbd1f8f0b86-Others-temporary
17,18.689999999999998,405.56609999999995,0.6890865384615383,0.5933333333333333,-6.210063999999999,0.6890865384615383,RandomForestRegressor,cead2cbd1f8f0b86-Others-temporary
18,16.75,380.5625,0.3132333767926988,0.34183673469387754,-2.805625,0.3132333767926988,RandomForestRegressor,cead2cbd1f8f0b86-Others-temporary
19,16.909999999999997,316.1980999999999,0.30876942090395476,0.31607476635514015,-9.452829752066112,0.30876942090395476,RandomForestRegressor,cead2cbd1f8f0b86-Others-temporary
1,68.0,4640.0,0.7590301830776843,0.7555555555555555,-289.0,0.7590301830776843,Ridge,cead2cbd1f8f0b86-Others-temporary
2,16.000000000000114,320.00000000000364,0.1820880752102932,0.17777777777777903,-19.000000000000227,0.1820880752102932,Ridge,cead2cbd1f8f0b86-Others-temporary
3,8.666666666666742,128.88888888889076,0.10635658914728786,0.12745098039215796,0.6021947873799668,0.10635658914728786,Ridge,cead2cbd1f8f0b86-Others-temporary
4,21.166666666666657,520.2777777777789,0.324444444444444,0.3386666666666665,-2.329777777777785,0.324444444444444,Ridge,cead2cbd1f8f0b86-Others-temporary
5,36.42727272727274,1334.1383471074387,0.5981818181818184,0.5828363636363638,-7.538485421487607,0.5981818181818184,Ridge,cead2cbd1f8f0b86-Others-temporary
6,18.405405405405418,432.3776479181889,0.3425798525798528,0.3505791505791508,-68.18042366691023,0.3425798525798528,Ridge,cead2cbd1f8f0b86-Others-temporary
7,27.445812807881794,771.1159819456925,0.5278056426332292,0.5227773868167961,-122.3785571113108,0.5278056426332292,Ridge,cead2cbd1f8f0b86-Others-temporary
8,33.040697674418595,1254.9923269334768,0.5605832122093022,0.5796613627090982,-24.612088304764832,0.5605832122093022,Ridge,cead2cbd1f8f0b86-Others-temporary
9,32.54007285974501,1078.0867233353583,0.6013104634689338,0.5970655570595415,-10.94555926133361,0.6013104634689338,Ridge,cead2cbd1f8f0b86-Others-temporary
10,11.637125748502996,138.95799634264415,0.2980245569467126,0.298387839705205,-2.8599443428512266,0.2980245569467126,Ridge,cead2cbd1f8f0b86-Others-temporary
11,6.1900081900082,40.04625577107166,0.20788261697352645,0.20295108819699018,-5.4074009233714655,0.20788261697352645,Ridge,cead2cbd1f8f0b86-Others-temporary
12,15.611111111111143,338.2283950617295,0.42182539682539777,0.45915032679738654,-8.395233196159152,0.42182539682539777,Ridge,cead2cbd1f8f0b86-Others-temporary
13,28.15447667087014,814.0715003831531,0.6843499169318847,0.6866945529480522,-813.0715003831531,0.6843499169318847,Ridge,cead2cbd1f8f0b86-Others-temporary
14,66.87074085651767,6135.603984413699,0.770565797996245,0.841141394421606,-3.363096166694186,0.770565797996245,Ridge,cead2cbd1f8f0b86-Others-temporary
15,59.19193357058127,5228.742192615484,0.7457755602773399,0.8164404630425003,-1.6404454955765604,0.7457755602773399,Ridge,cead2cbd1f8f0b86-Others-temporary
16,7.6094208211143695,57.9233062379602,0.2948332329632733,0.2926700315813219,-13.48082655949005,0.2948332329632733,Ridge,cead2cbd1f8f0b86-Others-temporary
17,9.431540342298291,100.75015988988473,0.2898870898745054,0.29941397912058065,-0.7911139535979508,0.2898870898745054,Ridge,cead2cbd1f8f0b86-Others-temporary
18,26.18074150360451,829.0483702978539,0.5054393580724983,0.5343008470123369,-7.290483702978539,0.5054393580724983,Ridge,cead2cbd1f8f0b86-Others-temporary
19,31.55207853258365,1008.6949254873806,0.589012376104856,0.5897584772445542,-32.34528679297126,0.589012376104856,Ridge,cead2cbd1f8f0b86-Others-temporary
1,68.0,4640.0,0.7590301830776843,0.7555555555555555,-289.0,0.7590301830776843,RidgeCV,cead2cbd1f8f0b86-Others-temporary
2,88.00000000000011,8420.000000000025,0.9925779317169731,0.9777777777777791,-525.2500000000016,0.9925779317169731,RidgeCV,cead2cbd1f8f0b86-Others-temporary
3,31.33333333333333,1216.8888888888885,0.55968992248062,0.4607843137254901,-2.755829903978051,0.55968992248062,RidgeCV,cead2cbd1f8f0b86-Others-temporary
4,22.700000000000003,770.2244444444442,0.4315555555555555,0.3632,-3.929436444444443,0.4315555555555555,RidgeCV,cead2cbd1f8f0b86-Others-temporary
5,42.55148514851402,1813.8938868737655,0.7031683168316689,0.6808237623762243,-10.6089208759921,0.7031683168316689,RidgeCV,cead2cbd1f8f0b86-Others-temporary
6,7.327272727272714,53.83471074380145,0.14023140495867742,0.1395670995670993,-7.613553719008232,0.14023140495867742,RidgeCV,cead2cbd1f8f0b86-Others-temporary
7,27.44581280788225,771.115981945718,0.5278056426332379,0.5227773868168047,-122.37855711131488,0.5278056426332379,RidgeCV,cead2cbd1f8f0b86-Others-temporary
8,23.03846153846152,669.5119267751472,0.3846063701923073,0.4041835357624828,-12.663508709696883,0.3846063701923073,RidgeCV,cead2cbd1f8f0b86-Others-temporary
9,25.30634920634924,665.8417183169581,0.4622530864197537,0.46433668268530714,-6.377747571379038,0.4622530864197537,RidgeCV,cead2cbd1f8f0b86-Others-temporary
10,6.827027027027057,51.811628926223875,0.17007917007917092,0.17505197505197584,-0.4392119146173299,0.17007917007917092,RidgeCV,cead2cbd1f8f0b86-Others-temporary
11,2.4700757575756143,7.160458275940526,0.08431842778433216,0.08098609041231522,-0.14567332415048417,0.08431842778433216,RidgeCV,cead2cbd1f8f0b86-Others-temporary
12,12.545751633987322,247.707986244617,0.3299428104575282,0.36899269511727417,-5.880777395683805,0.3299428104575282,RidgeCV,cead2cbd1f8f0b86-Others-temporary
13,25.605168269230546,675.4781645022947,0.6222358153998724,0.6245162992495256,-674.4781645022947,0.6222358153998724,RidgeCV,cead2cbd1f8f0b86-Others-temporary
14,64.87533834586476,5862.558765379629,0.7392353594609249,0.8160419917718837,-3.168930677603292,0.7392353594609249,RidgeCV,cead2cbd1f8f0b86-Others-temporary
15,57.62701149425301,5053.58484674331,0.7098923904958421,0.794855330955214,-1.5519933577797298,0.7098923904958421,RidgeCV,cead2cbd1f8f0b86-Others-temporary
16,8.469642857142247,71.77067920917332,0.3282578656462348,0.32575549450547103,-16.94266980229333,0.3282578656462348,RidgeCV,cead2cbd1f8f0b86-Others-temporary
17,9.389952153110045,95.16397360733214,0.2948190225667002,0.29809371914635063,-0.6918039752414602,0.2948190225667002,RidgeCV,cead2cbd1f8f0b86-Others-temporary
18,25.45854398382255,790.8904261333985,0.49021702877678996,0.5195621221188276,-6.908904261333984,0.49021702877678996,RidgeCV,cead2cbd1f8f0b86-Others-temporary
19,30.942014519056457,970.7811548875125,0.5774310895957053,0.5783554115711488,-31.091939004545864,0.5774310895957053,RidgeCV,cead2cbd1f8f0b86-Others-temporary
1,68.0,4640.0,0.7590301830776843,0.7555555555555555,-289.0,0.7590301830776843,SVR,cead2cbd1f8f0b86-Others-temporary
2,31.99084218055563,1039.4873289400869,0.35814107212736807,0.35545380200617366,-63.96795805875543,0.35814107212736807,SVR,cead2cbd1f8f0b86-Others-temporary
3,26.21941203817591,1011.5021373456328,0.4899865820206112,0.38557958879670456,-2.121920176992694,0.4899865820206112,SVR,cead2cbd1f8f0b86-Others-temporary
4,27.499626705547975,907.8974105245982,0.4993782914119775,0.4399940272887676,-4.810543427357429,0.4993782914119775,SVR,cead2cbd1f8f0b86-Others-temporary
5,23.258847819554177,703.0364478421574,0.4300820467710983,0.37214156511286683,-3.499433266189807,0.4300820467710983,SVR,cead2cbd1f8f0b86-Others-temporary
6,32.31282694694012,1048.9107303451365,0.6188712882360976,0.6154824180369547,-166.82571685522183,0.6188712882360976,SVR,cead2cbd1f8f0b86-Others-temporary
7,30.8394798438838,959.316985606349,0.5913638371298343,0.5874186636930248,-152.49071769701584,0.5913638371298343,SVR,cead2cbd1f8f0b86-Others-temporary
8,22.160659902094707,534.5923873840009,0.40916389995518837,0.3887835070542931,-9.910048722122466,0.40916389995518837,SVR,cead2cbd1f8f0b86-Others-temporary
9,20.81237232154487,531.0112035464751,0.42647588450034274,0.3818783912210068,-4.883780648714406,0.42647588450034274,SVR,cead2cbd1f8f0b86-Others-temporary
10,30.68687248183562,982.7045888156049,0.8317955221918322,0.7868428841496313,-26.29734968932236,0.8317955221918322,SVR,cead2cbd1f8f0b86-Others-temporary
11,34.95552732945513,1229.723320418445,1.1614081128713978,1.146082863260824,-195.7557312669512,1.1614081128713978,SVR,cead2cbd1f8f0b86-Others-temporary
12,26.4994578673628,735.4199841881981,0.8353147894096178,0.7793958196283176,-19.428332894116615,0.8353147894096178,SVR,cead2cbd1f8f0b86-Others-temporary
13,13.508231351319058,182.9862232928382,0.3300918808966685,0.3294690573492453,-181.9862232928382,0.3300918808966685,SVR,cead2cbd1f8f0b86-Others-temporary
14,37.17029037457064,2186.209594094451,0.38488943757791505,0.4675508223216433,-0.5546379335782763,0.38488943757791505,SVR,cead2cbd1f8f0b86-Others-temporary
15,44.85798283813851,2615.9177362140517,0.6589877891742593,0.6187307977674278,-0.3210037804388597,0.6589877891742593,SVR,cead2cbd1f8f0b86-Others-temporary
16,26.336143966323778,698.8150497911474,1.0257594226899052,1.012928614089376,-173.70376244778686,1.0257594226899052,SVR,cead2cbd1f8f0b86-Others-temporary
17,17.367949845473742,353.9930546506136,0.6424722578669128,0.5513634871578966,-5.293209860455353,0.6424722578669128,SVR,cead2cbd1f8f0b86-Others-temporary
18,9.728148059495553,100.71912774631959,0.19644372461191117,0.19853363386725617,-0.007191277463195922,0.19644372461191117,SVR,cead2cbd1f8f0b86-Others-temporary
19,9.36110148453579,121.23895911921474,0.16558395314731048,0.17497385952403346,-3.007899475015363,0.16558395314731048,SVR,cead2cbd1f8f0b86-Others-temporary
1,78.28490566037736,6128.853292986829,0.8718367518415132,0.869832285115304,-382.0533308116768,0.8718367518415132,TheilSenRegressor,cead2cbd1f8f0b86-Others-temporary
2,112.00000000000068,13568.000000000153,1.2627412172192058,1.244444444444452,-847.0000000000095,1.2627412172192058,TheilSenRegressor,cead2cbd1f8f0b86-Others-temporary
3,22.000002031125348,488.00008921646804,0.33953491600122204,0.3235294416341963,-0.5061731148656421,0.33953491600122204,TheilSenRegressor,cead2cbd1f8f0b86-Others-temporary
4,22.845482885935837,782.6315199578503,0.32693576526342516,0.3655277261749734,-4.008841727730242,0.32693576526342516,TheilSenRegressor,cead2cbd1f8f0b86-Others-temporary
5,44.807882176351086,2009.6710671815977,0.7421735098080675,0.7169261148216174,-11.861894829962225,0.7421735098080675,TheilSenRegressor,cead2cbd1f8f0b86-Others-temporary
6,32.49947144416842,1128.465492059992,0.6127171902491194,0.6190375513174937,-179.5544787295987,0.6127171902491194,TheilSenRegressor,cead2cbd1f8f0b86-Others-temporary
7,44.49698407623609,1992.231246745051,0.8526696511777295,0.847561601452116,-317.75699947920816,0.8526696511777295,TheilSenRegressor,cead2cbd1f8f0b86-Others-temporary
8,23.77795965296025,711.0216925044476,0.39714672701345133,0.41715718689403947,-13.510646785805054,0.39714672701345133,TheilSenRegressor,cead2cbd1f8f0b86-Others-temporary
9,19.067772757349772,394.9370323184473,0.3423597558595497,0.34986739004311507,-3.3760335990963686,0.3423597558595497,TheilSenRegressor,cead2cbd1f8f0b86-Others-temporary
10,21.391477076586526,463.3559012709911,0.5520988847245552,0.5484994122201673,-11.87099725752753,0.5520988847245552,TheilSenRegressor,cead2cbd1f8f0b86-Others-temporary
11,5.494074186407843,30.434936954735328,0.17999896994738054,0.18013357988222437,-3.869589912757652,0.17999896994738054,TheilSenRegressor,cead2cbd1f8f0b86-Others-temporary
12,9.092769685158345,136.51867762694124,0.2367219940666822,0.2674344025046572,-2.792185489637257,0.2367219940666822,TheilSenRegressor,cead2cbd1f8f0b86-Others-temporary
13,20.82941132309118,450.64485877759523,0.505898491367682,0.508034422514419,-449.64485877759523,0.505898491367682,TheilSenRegressor,cead2cbd1f8f0b86-Others-temporary
14,65.24175723482048,5876.540555067808,0.7483412320855937,0.8206510344002577,-3.1788732836037745,0.7483412320855937,TheilSenRegressor,cead2cbd1f8f0b86-Others-temporary
15,61.37635468925737,5524.107683590203,0.7889104963064058,0.8465704095069981,-1.7896011531827813,0.7889104963064058,TheilSenRegressor,cead2cbd1f8f0b86-Others-temporary
16,2.6459193969342465,7.066350440709671,0.10313335001716509,0.10176613065131718,-0.7665876101774178,0.10313335001716509,TheilSenRegressor,cead2cbd1f8f0b86-Others-temporary
17,15.083997995460692,321.9763131814264,0.42976192068518976,0.47885707922097437,-4.724023345447581,0.42976192068518976,TheilSenRegressor,cead2cbd1f8f0b86-Others-temporary
18,31.412059074816668,1133.7438871673378,0.6162261791898843,0.6410624300982993,-10.337438871673378,0.6162261791898843,TheilSenRegressor,cead2cbd1f8f0b86-Others-temporary
19,39.122020486546646,1543.2294013289777,0.7321433949866778,0.7312527193747037,-50.015847977817444,0.7321433949866778,TheilSenRegressor,cead2cbd1f8f0b86-Others-temporary
1,68.0,4640.0,0.7590301830776843,0.7555555555555555,-289.0,0.7590301830776843,TransformedTargetRegressor,cead2cbd1f8f0b86-Others-temporary
2,112.0,13568.0,1.2627412172191985,1.2444444444444445,-847.0,1.2627412172191985,TransformedTargetRegressor,cead2cbd1f8f0b86-Others-temporary
3,35.33333333333337,1252.444444444447,0.5503875968992253,0.5196078431372555,-2.8655692729766886,0.5503875968992253,TransformedTargetRegressor,cead2cbd1f8f0b86-Others-temporary
4,22.899999999999977,881.6199999999981,0.3186666666666663,0.3663999999999996,-4.642367999999988,0.3186666666666663,TransformedTargetRegressor,cead2cbd1f8f0b86-Others-temporary
5,43.300000000000125,1877.7800000000107,0.7160000000000022,0.692800000000002,-11.017792000000068,0.7160000000000022,TransformedTargetRegressor,cead2cbd1f8f0b86-Others-temporary
6,21.685714285714255,571.9918367346926,0.40483116883116826,0.4130612244897953,-90.51869387755082,0.40483116883116826,TransformedTargetRegressor,cead2cbd1f8f0b86-Others-temporary
7,29.60714285714286,896.512755102041,0.5692857142857143,0.5639455782312925,-142.44204081632654,0.5692857142857143,TransformedTargetRegressor,cead2cbd1f8f0b86-Others-temporary
8,34.416666666666714,1351.3472222222251,0.5847916666666675,0.6038011695906441,-26.578514739229085,0.5847916666666675,TransformedTargetRegressor,cead2cbd1f8f0b86-Others-temporary
9,33.47777777777776,1139.2516049382705,0.6193364197530861,0.6142711518858305,-11.623286481310476,0.6193364197530861,TransformedTargetRegressor,cead2cbd1f8f0b86-Others-temporary
10,12.236363636363649,153.078604224059,0.3139638812366089,0.3137529137529141,-3.252183450668306,0.3139638812366089,TransformedTargetRegressor,cead2cbd1f8f0b86-Others-temporary
11,6.640909090909105,45.92417355371918,0.222860094451004,0.2177347242921018,-6.347867768595068,0.222860094451004,TransformedTargetRegressor,cead2cbd1f8f0b86-Others-temporary
12,15.975524475524509,350.2457944153761,0.43274850149850247,0.4698683669271914,-8.72904984487156,0.43274850149850247,TransformedTargetRegressor,cead2cbd1f8f0b86-Others-temporary
13,28.4532967032967,831.1717334862938,0.6916306907378336,0.6939828464218708,-830.1717334862938,0.6916306907378336,TransformedTargetRegressor,cead2cbd1f8f0b86-Others-temporary
14,67.10219780219778,6167.793331723218,0.7741999758483271,0.8440528025433683,-3.3859863692253995,0.7741999758483271,TransformedTargetRegressor,cead2cbd1f8f0b86-Others-temporary
15,59.372023809523796,5249.214535856007,0.7499049726728295,0.8189244663382592,-1.6507837575336484,0.7499049726728295,TransformedTargetRegressor,cead2cbd1f8f0b86-Others-temporary
16,7.5110294117647385,56.434066825260004,0.2910101540616259,0.2888857466063361,-13.108516706315001,0.2910101540616259,TransformedTargetRegressor,cead2cbd1f8f0b86-Others-temporary
17,9.436274509803908,101.46544598231439,0.2893256661639009,0.29956427015250503,-0.8038301507967003,0.2893256661639009,TransformedTargetRegressor,cead2cbd1f8f0b86-Others-temporary
18,26.262641898864814,833.4416706338178,0.5071656375901537,0.5359722836503024,-7.334416706338178,0.5071656375901537,TransformedTargetRegressor,cead2cbd1f8f0b86-Others-temporary
19,31.621052631578962,1013.0284148968922,0.5903217613242148,0.5910477127397937,-32.488542641219574,0.5903217613242148,TransformedTargetRegressor,cead2cbd1f8f0b86-Others-temporary
1,68.0,4640.0,0.7590301830776843,0.7555555555555555,-289.0,0.7590301830776843,TweedieRegressor,cead2cbd1f8f0b86-Others-temporary
2,3.1999999999999886,20.479999999999855,0.03404255319148924,0.03555555555555543,-0.2799999999999909,0.03404255319148924,TweedieRegressor,cead2cbd1f8f0b86-Others-temporary
3,12.666666666666373,295.00444444443684,0.2488682170542589,0.18627450980391724,0.08949245541840478,0.2488682170542589,TweedieRegressor,cead2cbd1f8f0b86-Others-temporary
4,18.277777777777715,412.1049382716073,0.3340740740740739,0.29244444444444345,-1.6374716049382867,0.3340740740740739,TweedieRegressor,cead2cbd1f8f0b86-Others-temporary
5,18.100000000000023,355.70000000000095,0.28400000000000036,0.28960000000000036,-1.276480000000006,0.28400000000000036,TweedieRegressor,cead2cbd1f8f0b86-Others-temporary
6,8.148936170212721,104.73970122226666,0.14994197292069583,0.15521783181357565,-15.758352195562665,0.14994197292069583,TweedieRegressor,cead2cbd1f8f0b86-Others-temporary
7,17.07142857142864,300.8673469387779,0.32870129870130005,0.3251700680272122,-47.13877551020447,0.32870129870130005,TweedieRegressor,cead2cbd1f8f0b86-Others-temporary
8,24.95000000000013,765.7834000000064,0.41823750000000237,0.43771929824561634,-14.628232653061355,0.41823750000000237,TweedieRegressor,cead2cbd1f8f0b86-Others-temporary
9,26.016908212560566,701.6625942262453,0.4759125067096116,0.4773744626157902,-6.774654783670308,0.4759125067096116,TweedieRegressor,cead2cbd1f8f0b86-Others-temporary
10,6.82702702702683,51.811628926220905,0.17007917007916484,0.17505197505196998,-0.4392119146172473,0.17007917007916484,TweedieRegressor,cead2cbd1f8f0b86-Others-temporary
11,2.0909090909091503,5.371900826446529,0.07172373081464187,0.06855439642325083,0.14049586776855538,0.07172373081464187,TweedieRegressor,cead2cbd1f8f0b86-Others-temporary
12,11.912903225806033,231.37224765867828,0.31097350230413495,0.3503795066413539,-5.42700687940773,0.31097350230413495,TweedieRegressor,cead2cbd1f8f0b86-Others-temporary
13,24.80769230769269,634.8041683103413,0.6028052503052597,0.6050656660412851,-633.8041683103413,0.6028052503052597,TweedieRegressor,cead2cbd1f8f0b86-Others-temporary
14,64.03623188405814,5750.125563142732,0.7260602866192956,0.8054871935101653,-3.0889781782348313,0.7260602866192956,TweedieRegressor,cead2cbd1f8f0b86-Others-temporary
15,56.798870056496895,4962.881947077757,0.690903368445735,0.78343269043444,-1.5061895957973777,0.690903368445735,TweedieRegressor,cead2cbd1f8f0b86-Others-temporary
16,9.018960674157498,81.38996516380858,0.3496020599251012,0.34688310285221147,-19.347491290952146,0.3496020599251012,TweedieRegressor,cead2cbd1f8f0b86-Others-temporary
17,9.358823529411765,91.80214532871925,0.29851055806938254,0.29710550887021475,-0.6320381391772312,0.29851055806938254,TweedieRegressor,cead2cbd1f8f0b86-Others-temporary
18,24.838308457711406,758.9544402366262,0.47714383320252196,0.5069042542390083,-6.589544402366261,0.47714383320252196,TweedieRegressor,cead2cbd1f8f0b86-Others-temporary
19,30.35059422750426,934.7382329118166,0.5662037303482876,0.5673008266823226,-29.9004374516303,0.5662037303482876,TweedieRegressor,cead2cbd1f8f0b86-Others-temporary
4,27.839275661475,935.1458224648521,0.5061675111027718,0.4454284105836,-4.984933263775054,0.5061675111027718,AutoReg,cead2cbd1f8f0b86-Others-temporary
5,14.066058787319179,287.5267195675007,0.2659995383194831,0.22505694059710685,-0.8401710052320046,0.2659995383194831,AutoReg,cead2cbd1f8f0b86-Others-temporary
6,23.372156635085418,552.2631874897941,0.44842354343133944,0.4451839359063889,-87.36210999836705,0.44842354343133944,AutoReg,cead2cbd1f8f0b86-Others-temporary
7,14.75690192654902,233.5011988694235,0.28532880249825393,0.28108384621998134,-36.36019181910776,0.28532880249825393,AutoReg,cead2cbd1f8f0b86-Others-temporary
8,7.721736131580272,95.40593209977091,0.15062839145882773,0.13546905494000477,-0.9470598387708349,0.15062839145882773,AutoReg,cead2cbd1f8f0b86-Others-temporary
9,10.80911890456823,156.5734186504622,0.2253409477289728,0.19833245696455468,-0.7348855252128776,0.2253409477289728,AutoReg,cead2cbd1f8f0b86-Others-temporary
10,25.04839072939587,663.4893090516106,0.6821016418402849,0.6422664289588684,-17.43025858476696,0.6821016418402849,AutoReg,cead2cbd1f8f0b86-Others-temporary
11,27.494764879720087,773.0394321152504,0.9187462254415653,0.9014677009744291,-122.68630913844007,0.9187462254415653,AutoReg,cead2cbd1f8f0b86-Others-temporary
12,16.890816685686513,296.4233373027805,0.5306241502016517,0.49678872604960334,-7.233981591743904,0.5306241502016517,AutoReg,cead2cbd1f8f0b86-Others-temporary
13,4.088398692043697,20.38934670637519,0.09863541001815526,0.09971704126935846,-19.38934670637519,0.09863541001815526,AutoReg,cead2cbd1f8f0b86-Others-temporary
14,36.08419454306791,2282.127055040064,0.34487648840308016,0.4538892395354454,-0.6228459058062679,0.34487648840308016,AutoReg,cead2cbd1f8f0b86-Others-temporary
15,45.58213866307258,2670.031242142462,0.6781743373103983,0.6287191539734148,-0.3483303836093734,0.6781743373103983,AutoReg,cead2cbd1f8f0b86-Others-temporary
16,46.05976290677687,2139.9539835214428,1.7692896206390183,1.7715293425683412,-533.9884958803607,1.7692896206390183,AutoReg,cead2cbd1f8f0b86-Others-temporary
17,22.41052623084937,530.4111292285522,0.7967359095268617,0.7114452771698213,-8.429531186285374,0.7967359095268617,AutoReg,cead2cbd1f8f0b86-Others-temporary
18,7.243649358661749,53.3719358923186,0.15838046410434298,0.14782957874819896,0.466280641076814,0.15838046410434298,AutoReg,cead2cbd1f8f0b86-Others-temporary
19,6.883902447346319,52.090980375262816,0.12583383767425138,0.12867107378217418,-0.7220158801739773,0.12583383767425138,AutoReg,cead2cbd1f8f0b86-Others-temporary
3,40.31867690569811,2067.7919298224124,0.7256238021266193,0.5929217192014429,-5.382073857476581,0.7256238021266193,ARIMA,cead2cbd1f8f0b86-Others-temporary
4,27.697438311040074,978.0878076031638,0.5100365182742385,0.4431590129766412,-5.259761968660248,0.5100365182742385,ARIMA,cead2cbd1f8f0b86-Others-temporary
5,11.644243182706024,173.22058426546897,0.17362236064490108,0.1863078909232964,-0.10861173929900136,0.17362236064490108,ARIMA,cead2cbd1f8f0b86-Others-temporary
6,23.925160104805137,583.2922692174747,0.459751538693556,0.45571733532962166,-92.32676307479595,0.459751538693556,ARIMA,cead2cbd1f8f0b86-Others-temporary
7,7.256147148313133,54.09567812059565,0.1374340198392255,0.13821232663453586,-7.6553084992953035,0.1374340198392255,ARIMA,cead2cbd1f8f0b86-Others-temporary
8,6.291455577888545,55.67760109648192,0.1032905631617482,0.11037641364716745,-0.13627757339759028,0.1032905631617482,ARIMA,cead2cbd1f8f0b86-Others-temporary
9,8.771816749033572,83.44909732429504,0.15758180816181067,0.16095076603731326,0.07535626233468096,0.15758180816181067,ARIMA,cead2cbd1f8f0b86-Others-temporary
10,19.473796357046727,446.5105209706856,0.544574639465189,0.4993281117191468,-11.403070026963489,0.544574639465189,ARIMA,cead2cbd1f8f0b86-Others-temporary
11,22.421711048166756,503.64783094259866,0.7375229244501207,0.7351380671530084,-79.58365295081579,0.7375229244501207,ARIMA,cead2cbd1f8f0b86-Others-temporary
12,7.559083277976999,68.93932897621625,0.2478742404722883,0.22232597876402937,-0.9149813604504513,0.2478742404722883,ARIMA,cead2cbd1f8f0b86-Others-temporary
13,11.427266420116611,133.02869445347318,0.27794872945463794,0.27871381512479537,-132.02869445347318,0.27794872945463794,ARIMA,cead2cbd1f8f0b86-Others-temporary
14,43.948979200152735,3219.9717049747555,0.43709345055304755,0.5528173484295942,-1.2897576568709375,0.43709345055304755,ARIMA,cead2cbd1f8f0b86-Others-temporary
15,44.69721554041962,2962.8473934532926,0.5672086740214244,0.6165133177988913,-0.4961986584791278,0.5672086740214244,ARIMA,cead2cbd1f8f0b86-Others-temporary
16,69.45713109001115,4931.80473525946,2.718188952078735,2.6714281188465825,-1231.951183814865,2.718188952078735,ARIMA,cead2cbd1f8f0b86-Others-temporary
17,38.66210495035233,2524.6128853650466,1.5582707322500478,1.2273684111222962,-43.88200685093416,1.5582707322500478,ARIMA,cead2cbd1f8f0b86-Others-temporary
18,11.103969137117804,214.52840669313423,0.19494999842142266,0.2266116150432205,-1.1452840669313424,0.19494999842142266,ARIMA,cead2cbd1f8f0b86-Others-temporary
19,15.75344905959265,279.4205273452676,0.28674572735971254,0.29445699176808693,-8.237042226289837,0.28674572735971254,ARIMA,cead2cbd1f8f0b86-Others-temporary
3,40.31867690569811,2067.7919298224124,0.7256238021266193,0.5929217192014429,-5.382073857476581,0.7256238021266193,SARIMAX,cead2cbd1f8f0b86-Others-temporary
4,27.697438311040074,978.0878076031638,0.5100365182742385,0.4431590129766412,-5.259761968660248,0.5100365182742385,SARIMAX,cead2cbd1f8f0b86-Others-temporary
5,11.644243182706024,173.22058426546897,0.17362236064490108,0.1863078909232964,-0.10861173929900136,0.17362236064490108,SARIMAX,cead2cbd1f8f0b86-Others-temporary
6,23.925160104805137,583.2922692174747,0.459751538693556,0.45571733532962166,-92.32676307479595,0.459751538693556,SARIMAX,cead2cbd1f8f0b86-Others-temporary
7,7.256147148313133,54.09567812059565,0.1374340198392255,0.13821232663453586,-7.6553084992953035,0.1374340198392255,SARIMAX,cead2cbd1f8f0b86-Others-temporary
8,6.291455577888545,55.67760109648192,0.1032905631617482,0.11037641364716745,-0.13627757339759028,0.1032905631617482,SARIMAX,cead2cbd1f8f0b86-Others-temporary
9,8.771816749033572,83.44909732429504,0.15758180816181067,0.16095076603731326,0.07535626233468096,0.15758180816181067,SARIMAX,cead2cbd1f8f0b86-Others-temporary
10,19.473796357046727,446.5105209706856,0.544574639465189,0.4993281117191468,-11.403070026963489,0.544574639465189,SARIMAX,cead2cbd1f8f0b86-Others-temporary
11,22.421711048166756,503.64783094259866,0.7375229244501207,0.7351380671530084,-79.58365295081579,0.7375229244501207,SARIMAX,cead2cbd1f8f0b86-Others-temporary
12,7.559083277976999,68.93932897621625,0.2478742404722883,0.22232597876402937,-0.9149813604504513,0.2478742404722883,SARIMAX,cead2cbd1f8f0b86-Others-temporary
13,11.427266420116611,133.02869445347318,0.27794872945463794,0.27871381512479537,-132.02869445347318,0.27794872945463794,SARIMAX,cead2cbd1f8f0b86-Others-temporary
14,43.948979200152735,3219.9717049747555,0.43709345055304755,0.5528173484295942,-1.2897576568709375,0.43709345055304755,SARIMAX,cead2cbd1f8f0b86-Others-temporary
15,44.69721554041962,2962.8473934532926,0.5672086740214244,0.6165133177988913,-0.4961986584791278,0.5672086740214244,SARIMAX,cead2cbd1f8f0b86-Others-temporary
16,69.45713109001115,4931.80473525946,2.718188952078735,2.6714281188465825,-1231.951183814865,2.718188952078735,SARIMAX,cead2cbd1f8f0b86-Others-temporary
17,38.66210495035233,2524.6128853650466,1.5582707322500478,1.2273684111222962,-43.88200685093416,1.5582707322500478,SARIMAX,cead2cbd1f8f0b86-Others-temporary
18,11.103969137117804,214.52840669313423,0.19494999842142266,0.2266116150432205,-1.1452840669313424,0.19494999842142266,SARIMAX,cead2cbd1f8f0b86-Others-temporary
19,15.75344905959265,279.4205273452676,0.28674572735971254,0.29445699176808693,-8.237042226289837,0.28674572735971254,SARIMAX,cead2cbd1f8f0b86-Others-temporary
4,43.5,2048.5,0.7666666666666667,0.696,-12.1104,0.7666666666666667,AutoArima,cead2cbd1f8f0b86-Others-temporary
5,32.29999999999998,1199.5399999999988,0.5799999999999997,0.5167999999999997,-6.677055999999992,0.5799999999999997,AutoArima,cead2cbd1f8f0b86-Others-temporary
6,39.00000000000003,1527.2500000000023,0.7468181818181823,0.7428571428571434,-243.36000000000035,0.7468181818181823,AutoArima,cead2cbd1f8f0b86-Others-temporary
7,33.07142857142857,1099.969387755102,0.6336363636363636,0.6299319727891156,-174.9951020408163,0.6336363636363636,AutoArima,cead2cbd1f8f0b86-Others-temporary
8,24.749999999999986,661.5624999999993,0.4561718749999997,0.4342105263157892,-12.501275510204067,0.4561718749999997,AutoArima,cead2cbd1f8f0b86-Others-temporary
9,23.72222222222223,652.9938271604941,0.480246913580247,0.4352701325178391,-6.235388666598273,0.480246913580247,AutoArima,cead2cbd1f8f0b86-Others-temporary
10,37.80000000000001,1464.8400000000008,1.0169696969696973,0.9692307692307696,-39.690000000000026,1.0169696969696973,AutoArima,cead2cbd1f8f0b86-Others-temporary
11,31.44235432012036,1032.2725701527315,1.0557456909341645,1.030896862954766,-164.16361122443703,1.0557456909341645,AutoArima,cead2cbd1f8f0b86-Others-temporary
12,12.978515296817354,293.53936076577537,0.33407261025045737,0.3817210381416869,-7.153871132382649,0.33407261025045737,AutoArima,cead2cbd1f8f0b86-Others-temporary
13,27.921500236614882,799.6231309555242,0.6787547175670465,0.6810122008930459,-798.6231309555242,0.6787547175670465,AutoArima,cead2cbd1f8f0b86-Others-temporary
14,59.91550056264451,4929.549981711985,0.6900120878377252,0.753654095127604,-2.5054577647729674,0.6900120878377252,AutoArima,cead2cbd1f8f0b86-Others-temporary
15,44.349579298855005,3800.065808887356,0.39989245714959404,0.6117183351566208,-0.918982860188035,0.39989245714959404,AutoArima,cead2cbd1f8f0b86-Others-temporary
16,74.9695264802067,5624.433147426882,2.894651883086943,2.883443326161796,-1405.1082868567205,2.894651883086943,AutoArima,cead2cbd1f8f0b86-Others-temporary
17,41.13688752153021,2718.469169212365,1.6411032416858922,1.3059329371914352,-47.328340785997604,1.6411032416858922,AutoArima,cead2cbd1f8f0b86-Others-temporary
18,10.0,182.39410531018413,0.17350230386924975,0.20408163265306123,-0.8239410531018414,0.17350230386924975,AutoArima,cead2cbd1f8f0b86-Others-temporary
19,28.029308365255357,797.4371763958954,0.5228385738345467,0.5239123058926235,-25.361559550277537,0.5228385738345467,AutoArima,cead2cbd1f8f0b86-Others-temporary
